0 0.908073 0.521759 0.019271 0.093519
0 0.868229 0.385185 0.019792 0.081481
0 0.795573 0.258333 0.015104 0.070370
0 0.705469 0.207407 0.011979 0.059259
0 0.708594 0.336574 0.013021 0.075000
0 0.625000 0.268056 0.014583 0.063889
0 0.563021 0.185185 0.010417 0.053704
0 0.542708 0.387037 0.019792 0.079630
0 0.423698 0.531019 0.018229 0.100926
0 0.417708 0.700000 0.028125 0.092593
0 0.597135 0.662963 0.021354 0.112963
0 0.414062 0.842593 0.035417 0.103704
0 0.411979 0.376389 0.009375 0.082407
0 0.409115 0.345833 0.015104 0.073148
0 0.436719 0.257870 0.013021 0.065741
0 0.435677 0.181944 0.010937 0.056481
0 0.398177 0.187963 0.009896 0.057407
0 0.274219 0.209722 0.009896 0.065741
0 0.234635 0.354167 0.017188 0.076852
0 0.033333 0.247685 0.014583 0.065741
2 0.418750 0.281481 0.006250 0.011111
1 0.479167 0.199074 0.011458 0.061111
1 0.170052 0.063426 0.009896 0.039815
