1 0.424219 0.186574 0.016146 0.062037
1 0.068229 0.047222 0.010417 0.042593
2 0.338281 0.268981 0.005729 0.012037
0 0.183594 0.200000 0.011979 0.068519
0 0.165885 0.352315 0.017188 0.086111
0 0.314323 0.171296 0.008854 0.062963
0 0.352083 0.244907 0.014583 0.067593
0 0.333594 0.333796 0.021354 0.076852
0 0.331510 0.367593 0.011979 0.087037
0 0.339844 0.517593 0.022396 0.100000
0 0.519531 0.639815 0.020313 0.101852
0 0.346094 0.706019 0.031771 0.091667
0 0.345313 0.854167 0.035417 0.102778
0 0.477604 0.375926 0.013542 0.077778
0 0.559375 0.247685 0.011458 0.067593
0 0.635677 0.312963 0.010937 0.075926
0 0.624219 0.182407 0.014063 0.057407
0 0.722917 0.232870 0.011458 0.071296
0 0.485156 0.162037 0.009896 0.057407
0 0.343490 0.165741 0.010937 0.057407
0 0.839323 0.493981 0.018229 0.091667
0 0.788281 0.354630 0.017188 0.081481
