0 0.538542 0.796759 0.031250 0.121296
0 0.643490 0.640278 0.030729 0.095370
0 0.570052 0.568056 0.029687 0.093519
0 0.455729 0.530556 0.029167 0.096296
0 0.517188 0.402778 0.027083 0.085185
0 0.466406 0.328241 0.022396 0.071296
0 0.315104 0.389352 0.027083 0.069444
0 0.398698 0.260185 0.019271 0.061111
0 0.275000 0.215278 0.017708 0.060185
0 0.464323 0.182407 0.013021 0.055556
0 0.534115 0.280556 0.021354 0.064815
0 0.660937 0.349074 0.019792 0.072222
0 0.600781 0.200463 0.011979 0.060185
0 0.732552 0.241204 0.015104 0.063889
0 0.826302 0.368981 0.023438 0.078704
0 0.881250 0.523148 0.031250 0.094444
0 0.206510 0.394444 0.020313 0.072222
0 0.149219 0.239815 0.021354 0.062963
0 0.200521 0.234259 0.022917 0.062963
1 0.473438 0.222222 0.015625 0.064815
1 0.034375 0.062963 0.009375 0.040741
2 0.626302 0.041204 0.004687 0.008333
2 0.048177 0.071296 0.004687 0.007407
2 0.298177 0.060185 0.004687 0.007407
