2 0.648438 0.269907 0.007292 0.010185
2 0.541146 0.243056 0.002083 0.004630
2 0.133594 0.272222 0.003646 0.005556
1 0.206510 0.262037 0.006771 0.024074
1 0.581771 0.398611 0.013542 0.047222
0 0.928646 0.333796 0.010417 0.041667
0 0.796875 0.401852 0.014583 0.042593
0 0.882031 0.476389 0.021354 0.045370
0 0.921875 0.588889 0.019792 0.061111
0 0.900521 0.600463 0.021875 0.062037
0 0.784115 0.620370 0.022396 0.068519
0 0.742188 0.654630 0.025000 0.072222
0 0.657813 0.568519 0.020833 0.064815
0 0.689844 0.518519 0.017188 0.055556
0 0.789583 0.497222 0.016667 0.051852
0 0.723958 0.427778 0.020833 0.044444
0 0.670312 0.442130 0.017708 0.050926
0 0.629427 0.399537 0.019271 0.047222
0 0.662240 0.357870 0.017188 0.037963
0 0.539323 0.357407 0.007812 0.037037
0 0.484896 0.375926 0.016667 0.042593
0 0.562500 0.520370 0.020833 0.055556
0 0.470052 0.563889 0.018229 0.062963
0 0.243490 0.416204 0.019271 0.049074
0 0.140365 0.442593 0.020313 0.050000
0 0.075521 0.503704 0.014583 0.057407
