2 0.974219 0.529630 0.006771 0.011111
0 0.918750 0.496759 0.020833 0.060185
0 0.842448 0.490278 0.024479 0.056481
0 0.784896 0.398611 0.014583 0.047222
0 0.762760 0.467593 0.016146 0.055556
0 0.722396 0.547222 0.021875 0.062963
0 0.691146 0.576389 0.017708 0.067593
0 0.631510 0.490278 0.015104 0.058333
0 0.595573 0.526852 0.016146 0.064815
0 0.675521 0.423611 0.013542 0.047222
0 0.713802 0.356481 0.010937 0.046296
0 0.690104 0.266204 0.008333 0.037963
0 0.597656 0.321296 0.010937 0.040741
0 0.594271 0.356481 0.013542 0.044444
0 0.596094 0.390741 0.013021 0.040741
0 0.533854 0.478704 0.016667 0.057407
0 0.432031 0.338889 0.010937 0.038889
0 0.391146 0.347222 0.009375 0.046296
1 0.497396 0.398148 0.012500 0.051852
1 0.066146 0.256944 0.008333 0.028704
2 0.327344 0.221296 0.003646 0.005556
2 0.073958 0.263426 0.004167 0.006481
0 0.159375 0.471759 0.015625 0.058333
0 0.110937 0.556944 0.022917 0.065741
0 0.094792 0.562963 0.022917 0.059259
0 0.503125 0.623611 0.017708 0.075000
