0 0.983073 0.541204 0.015104 0.063889
2 0.978906 0.515278 0.006771 0.010185
0 0.890365 0.411111 0.017188 0.051852
0 0.821615 0.498611 0.015104 0.063889
0 0.725781 0.419907 0.016146 0.043519
0 0.679688 0.327315 0.009375 0.045370
0 0.649479 0.269444 0.010417 0.040741
0 0.618490 0.363889 0.015104 0.048148
0 0.615885 0.497685 0.015104 0.056481
0 0.615885 0.518981 0.017188 0.069444
0 0.667969 0.638889 0.021354 0.079630
0 0.684375 0.621759 0.017708 0.073148
0 0.552865 0.496296 0.011979 0.066667
0 0.558333 0.399074 0.015625 0.050000
0 0.552604 0.297685 0.009375 0.039815
0 0.399740 0.347685 0.009896 0.045370
0 0.357552 0.358333 0.013021 0.051852
0 0.457031 0.676852 0.025521 0.085185
1 0.514583 0.434722 0.010417 0.058333
0 0.110937 0.673148 0.025000 0.081481
0 0.083333 0.663426 0.022917 0.080556
0 0.076823 0.560185 0.019271 0.072222
2 0.266927 0.227778 0.004687 0.007407
