2 0.840104 0.494907 0.006250 0.010185
2 0.289583 0.239352 0.002083 0.004630
1 0.003385 0.279630 0.005729 0.035185
0 0.687240 0.284259 0.011979 0.038889
0 0.646615 0.319444 0.013021 0.040741
0 0.587240 0.369444 0.011979 0.048148
0 0.536719 0.395833 0.011979 0.049074
0 0.507292 0.282407 0.011458 0.037037
0 0.503385 0.454167 0.015104 0.054630
0 0.570573 0.549074 0.016146 0.064815
0 0.583073 0.547685 0.017188 0.069444
0 0.627604 0.656481 0.031250 0.079630
0 0.648177 0.650926 0.015104 0.059259
0 0.365885 0.686574 0.025521 0.073148
0 0.179427 0.720370 0.024479 0.081481
0 0.146354 0.703241 0.023958 0.080556
0 0.066667 0.562500 0.016667 0.073148
0 0.265365 0.373611 0.010937 0.047222
0 0.320833 0.339352 0.012500 0.043519
0 0.798438 0.525000 0.029167 0.055556
0 0.983073 0.576852 0.016146 0.074074
0 0.847396 0.467593 0.015625 0.050000
0 0.879167 0.428704 0.021875 0.046296
0 0.884115 0.409259 0.015104 0.038889
1 0.496094 0.439815 0.013021 0.057407
