1 0.491146 0.326852 0.012500 0.059259
1 0.031250 0.155093 0.010417 0.036111
2 0.324479 0.117593 0.004167 0.007407
2 0.031510 0.163889 0.004687 0.007407
0 0.214062 0.206944 0.010417 0.041667
0 0.168750 0.245370 0.013542 0.050000
0 0.069792 0.411574 0.025000 0.062037
0 0.159375 0.549074 0.019792 0.077778
0 0.128125 0.584259 0.027083 0.088889
0 0.304427 0.708333 0.022396 0.103704
0 0.496875 0.737500 0.027083 0.095370
0 0.561719 0.624074 0.032813 0.087037
0 0.633854 0.491667 0.025000 0.072222
0 0.607552 0.449537 0.025521 0.067593
0 0.530729 0.310648 0.013542 0.054630
0 0.539583 0.263426 0.012500 0.050926
0 0.565365 0.221296 0.008854 0.048148
0 0.476302 0.139815 0.007812 0.035185
0 0.633854 0.166204 0.009375 0.037963
0 0.753906 0.177778 0.010937 0.046296
0 0.831250 0.353241 0.019792 0.054630
0 0.916667 0.413426 0.029167 0.063889
0 0.904948 0.320370 0.013021 0.050000
0 0.942969 0.333796 0.016146 0.052778
2 0.947917 0.359722 0.005208 0.010185
