0 0.848177 0.415741 0.020313 0.050000
0 0.866667 0.437037 0.018750 0.055556
0 0.857812 0.525926 0.026042 0.062963
0 0.863021 0.540741 0.017708 0.061111
0 0.676562 0.437500 0.014583 0.054630
0 0.780729 0.252315 0.012500 0.037963
0 0.616406 0.266204 0.009896 0.037963
0 0.511719 0.218519 0.009896 0.033333
0 0.532552 0.288889 0.016146 0.042593
0 0.498437 0.370833 0.012500 0.050926
0 0.449219 0.421759 0.011979 0.056481
0 0.513802 0.591204 0.029687 0.065741
0 0.471354 0.556019 0.032292 0.060185
0 0.466667 0.681019 0.030208 0.065741
0 0.329688 0.615278 0.025000 0.071296
0 0.278125 0.598148 0.029167 0.062963
0 0.097917 0.742593 0.037500 0.061111
0 0.200781 0.861574 0.048438 0.065741
0 0.030729 0.493056 0.026042 0.060185
0 0.173958 0.294444 0.015625 0.040741
0 0.224479 0.282407 0.012500 0.033333
2 0.080208 0.627778 0.011458 0.018519
1 0.408594 0.381944 0.013021 0.043519
1 0.117708 0.200000 0.010417 0.027778
2 0.446094 0.168981 0.003646 0.004630
2 0.205990 0.198148 0.003646 0.005556
