2 0.325781 0.168519 0.002604 0.005556
2 0.559635 0.176389 0.003646 0.006481
2 0.751302 0.183796 0.003646 0.006481
0 0.903906 0.518056 0.024479 0.056481
0 0.875000 0.530093 0.025000 0.060185
0 0.884635 0.623611 0.028646 0.063889
0 0.869531 0.694444 0.027604 0.068519
0 0.678906 0.464352 0.018229 0.052778
0 0.739583 0.325463 0.011458 0.043519
0 0.664323 0.250463 0.007812 0.032407
0 0.597917 0.287037 0.011458 0.035185
0 0.538021 0.374074 0.009375 0.046296
0 0.477344 0.380093 0.019271 0.041667
0 0.404687 0.259259 0.011458 0.037037
0 0.414583 0.267130 0.011458 0.032407
0 0.344010 0.514352 0.021354 0.056481
0 0.416406 0.532407 0.022396 0.055556
0 0.407552 0.605556 0.019271 0.066667
0 0.302083 0.608333 0.029167 0.062963
0 0.116667 0.704630 0.030208 0.074074
0 0.011719 0.678704 0.019271 0.079630
0 0.324740 0.484722 0.019271 0.050926
0 0.255469 0.346296 0.013021 0.048148
0 0.050000 0.296296 0.014583 0.040741
1 0.449479 0.380093 0.016667 0.049074
1 0.409115 0.163889 0.006771 0.024074
2 0.161719 0.190278 0.003646 0.006481
2 0.049740 0.245370 0.004687 0.007407
