2 0.266406 0.134722 0.003646 0.006481
2 0.426042 0.121296 0.003125 0.005556
2 0.535156 0.130093 0.002604 0.004630
2 0.672656 0.144444 0.002604 0.005556
2 0.902344 0.165278 0.003646 0.006481
1 0.473438 0.118056 0.005208 0.021296
1 0.407813 0.352778 0.014583 0.050000
0 0.177083 0.214352 0.010417 0.039815
0 0.116406 0.439352 0.020313 0.056481
0 0.145313 0.544907 0.020833 0.063889
0 0.219792 0.616204 0.025000 0.069444
0 0.247917 0.385185 0.013542 0.053704
0 0.292448 0.357870 0.010937 0.052778
0 0.330990 0.449537 0.014063 0.056481
0 0.352604 0.439352 0.015625 0.056481
0 0.297917 0.282407 0.013542 0.046296
0 0.405990 0.321296 0.009896 0.048148
0 0.505990 0.311111 0.011979 0.048148
0 0.521094 0.273148 0.009896 0.042593
0 0.395833 0.226389 0.008333 0.041667
0 0.428125 0.232870 0.008333 0.034259
0 0.616667 0.482407 0.016667 0.057407
0 0.700000 0.631481 0.015625 0.066667
0 0.661198 0.749074 0.025521 0.072222
0 0.884635 0.602778 0.027604 0.066667
0 0.789062 0.507870 0.021875 0.060185
0 0.782031 0.369444 0.016146 0.051852
0 0.647396 0.223611 0.009375 0.032407
2 0.164062 0.181481 0.004167 0.007407
