0 0.316406 0.810648 0.025521 0.080556
2 0.305729 0.788426 0.008333 0.019444
0 0.399479 0.653704 0.026042 0.068519
0 0.218229 0.664352 0.021875 0.078704
0 0.079427 0.624074 0.031771 0.070370
0 0.042448 0.502778 0.021354 0.064815
0 0.202604 0.491204 0.018750 0.060185
0 0.216146 0.464815 0.015625 0.051852
0 0.114844 0.435648 0.014063 0.054630
0 0.180469 0.391667 0.014063 0.051852
0 0.200521 0.353704 0.014583 0.050000
0 0.318229 0.386574 0.015625 0.050926
0 0.301823 0.275926 0.010937 0.040741
0 0.086719 0.271759 0.010937 0.041667
0 0.357292 0.270370 0.009375 0.037037
0 0.408333 0.339352 0.011458 0.045370
0 0.400521 0.377315 0.009375 0.047222
0 0.555729 0.269907 0.008333 0.036111
0 0.529427 0.543981 0.015104 0.062037
0 0.629427 0.533333 0.021354 0.057407
0 0.717448 0.390278 0.013021 0.049074
0 0.901823 0.708333 0.031771 0.074074
1 0.974479 0.955556 0.045833 0.088889
1 0.398438 0.166667 0.006250 0.022222
1 0.304688 0.432407 0.011458 0.053704
2 0.184375 0.191667 0.003125 0.005556
2 0.617708 0.189352 0.003125 0.006481
2 0.842708 0.202315 0.003125 0.006481
2 0.067708 0.247222 0.005208 0.009259
2 0.360417 0.173148 0.003125 0.005556
