2 0.694010 0.676852 0.007812 0.012963
2 0.788542 0.223148 0.003125 0.005556
2 0.584635 0.213426 0.002604 0.004630
2 0.453906 0.205556 0.003646 0.005556
2 0.179167 0.221759 0.003125 0.004630
0 0.914844 0.682407 0.019271 0.075926
0 0.499740 0.508333 0.011979 0.057407
0 0.433333 0.552315 0.014583 0.063889
0 0.305729 0.794444 0.015625 0.074074
0 0.295052 0.634259 0.013021 0.066667
0 0.186198 0.615278 0.017188 0.069444
0 0.150260 0.612963 0.023438 0.068519
0 0.086198 0.518056 0.019271 0.058333
0 0.132812 0.453241 0.017708 0.052778
0 0.166667 0.435648 0.016667 0.050926
0 0.239063 0.502315 0.015625 0.052778
0 0.247396 0.492593 0.012500 0.053704
0 0.336719 0.388426 0.011979 0.043519
0 0.389844 0.381019 0.009896 0.045370
0 0.426563 0.359722 0.007292 0.043519
0 0.566146 0.287500 0.006250 0.036111
0 0.362240 0.270833 0.008854 0.028704
0 0.300000 0.292593 0.009375 0.037037
0 0.227083 0.373148 0.009375 0.044444
0 0.092448 0.299537 0.013021 0.037963
0 0.709896 0.372222 0.009375 0.044444
2 0.345573 0.201852 0.003646 0.005556
1 0.310417 0.428241 0.011458 0.050926
1 0.390365 0.197222 0.005729 0.022222
2 0.066667 0.275000 0.004167 0.007407
