1 0.352604 0.415278 0.010417 0.050926
1 0.390365 0.230556 0.007812 0.025926
2 0.839323 0.257407 0.003646 0.007407
2 0.594010 0.247222 0.003646 0.005556
2 0.436198 0.238426 0.003646 0.006481
2 0.303906 0.233796 0.003646 0.006481
2 0.099740 0.258796 0.003646 0.006481
2 0.799740 0.508333 0.005729 0.011111
0 0.499219 0.486111 0.013021 0.055556
0 0.583594 0.548148 0.016146 0.061111
0 0.445573 0.346296 0.007812 0.046296
0 0.400521 0.362963 0.009375 0.042593
0 0.361198 0.377315 0.010937 0.047222
0 0.328906 0.298148 0.008854 0.038889
0 0.388802 0.270370 0.006771 0.031481
0 0.243750 0.374074 0.010417 0.046296
0 0.221354 0.438889 0.011458 0.053704
0 0.304167 0.505556 0.013542 0.062963
0 0.256250 0.545370 0.017708 0.066667
0 0.187500 0.459722 0.014583 0.054630
0 0.156250 0.642593 0.019792 0.087037
0 0.308594 0.679630 0.018229 0.083333
0 0.141406 0.603704 0.019271 0.062963
0 0.116667 0.539815 0.013542 0.064815
0 0.040365 0.346296 0.011979 0.048148
0 0.613802 0.287500 0.005729 0.036111
0 0.788281 0.385648 0.011979 0.049074
0 0.879427 0.647222 0.016146 0.077778
0 0.398177 0.939352 0.023438 0.110185
