0 0.875781 0.628241 0.018229 0.073148
0 0.829948 0.422222 0.013021 0.042593
0 0.740885 0.322685 0.007812 0.036111
0 0.694531 0.469907 0.013021 0.052778
0 0.670312 0.503241 0.011458 0.056481
0 0.574219 0.359259 0.010937 0.040741
0 0.523958 0.296296 0.008333 0.031481
0 0.495833 0.375926 0.012500 0.042593
0 0.474219 0.378241 0.009896 0.043519
0 0.457292 0.305093 0.008333 0.034259
0 0.412240 0.460648 0.009896 0.052778
0 0.360417 0.370833 0.008333 0.047222
0 0.311458 0.436574 0.011458 0.047222
0 0.312500 0.427778 0.012500 0.048148
0 0.249740 0.490278 0.014063 0.062037
0 0.339062 0.553241 0.013542 0.063889
0 0.369010 0.625000 0.016146 0.074074
0 0.195833 0.580556 0.015625 0.072222
0 0.090625 0.693519 0.019792 0.077778
0 0.085938 0.379167 0.011458 0.045370
0 0.444010 0.965278 0.045312 0.069444
2 0.159115 0.300463 0.003646 0.006481
2 0.375781 0.280556 0.003646 0.005556
2 0.704948 0.307407 0.003646 0.007407
2 0.817708 0.443981 0.005208 0.008333
1 0.464323 0.406019 0.010937 0.047222
1 0.461719 0.278241 0.007812 0.026852
2 0.015104 0.362963 0.004167 0.007407
