1 0.583333 0.229167 0.010417 0.052778
1 0.609635 0.085185 0.005729 0.033333
2 0.694792 0.105556 0.003125 0.007407
2 0.528906 0.084259 0.003646 0.007407
2 0.298177 0.093981 0.003646 0.006481
2 0.155208 0.152778 0.004167 0.007407
0 0.944531 0.311574 0.016146 0.067593
0 0.857812 0.469907 0.020833 0.080556
0 0.826562 0.326389 0.016667 0.060185
0 0.725260 0.300926 0.014063 0.051852
0 0.688281 0.200463 0.011979 0.049074
2 0.840365 0.498611 0.006771 0.012037
0 0.636719 0.236574 0.010937 0.050926
0 0.621354 0.197685 0.014583 0.049074
0 0.625260 0.105093 0.009896 0.036111
0 0.582812 0.116667 0.009375 0.038889
0 0.541667 0.325000 0.013542 0.061111
0 0.480208 0.197685 0.015625 0.050926
0 0.410417 0.250926 0.014583 0.055556
0 0.356250 0.328704 0.014583 0.062963
0 0.434896 0.362037 0.011458 0.066667
0 0.440625 0.237963 0.015625 0.053704
0 0.453385 0.422222 0.020313 0.068519
0 0.276042 0.412500 0.015625 0.069444
0 0.122917 0.590741 0.017708 0.085185
0 0.470052 0.813426 0.032813 0.106481
0 0.884635 0.143056 0.010937 0.039815
2 0.915885 0.136574 0.004687 0.008333
0 0.212240 0.181019 0.010937 0.050926
