2 0.505208 0.769444 0.010417 0.016667
2 0.221094 0.231481 0.003646 0.007407
2 0.353906 0.179630 0.003646 0.005556
2 0.570833 0.174537 0.003125 0.006481
2 0.731250 0.196759 0.004167 0.006481
2 0.945312 0.230093 0.004167 0.006481
1 0.510677 0.382407 0.014063 0.061111
1 0.605469 0.170370 0.007812 0.033333
0 0.898177 0.687037 0.034896 0.088889
0 0.949740 0.447222 0.023438 0.064815
0 0.842708 0.242593 0.010417 0.042593
0 0.721354 0.525463 0.030208 0.065741
0 0.645312 0.497685 0.019792 0.071296
0 0.677604 0.334259 0.011458 0.053704
0 0.607031 0.211111 0.007812 0.037037
0 0.583854 0.313426 0.011458 0.049074
0 0.545312 0.232870 0.009375 0.045370
0 0.544531 0.395370 0.016146 0.055556
0 0.456771 0.531944 0.026042 0.060185
0 0.392188 0.744907 0.045833 0.082407
0 0.384896 0.700463 0.019792 0.084259
0 0.318229 0.546759 0.025000 0.065741
0 0.267708 0.510648 0.021875 0.071296
0 0.348958 0.350000 0.014583 0.053704
0 0.425000 0.321759 0.010417 0.050926
0 0.427865 0.298148 0.014063 0.046296
0 0.245573 0.261111 0.010937 0.048148
0 0.125260 0.592593 0.023438 0.077778
0 0.103906 0.736574 0.027604 0.093519
