0 0.894271 0.337500 0.021875 0.052778
0 0.770052 0.517130 0.019271 0.067593
0 0.784115 0.597685 0.031771 0.069444
0 0.647917 0.465278 0.013542 0.065741
0 0.596354 0.485648 0.022917 0.062037
0 0.461198 0.601389 0.019271 0.071296
0 0.455469 0.537500 0.024479 0.075000
0 0.377083 0.517130 0.025000 0.073148
0 0.352604 0.834259 0.034375 0.094444
0 0.106771 0.651389 0.032292 0.076852
0 0.149740 0.624074 0.031771 0.079630
0 0.275000 0.313889 0.019792 0.042593
0 0.480729 0.314815 0.015625 0.051852
0 0.322917 0.287037 0.013542 0.040741
0 0.327604 0.273611 0.016667 0.050926
0 0.407813 0.185185 0.011458 0.040741
0 0.495573 0.253241 0.013021 0.041667
0 0.467187 0.158796 0.008333 0.032407
0 0.614844 0.256944 0.011979 0.041667
0 0.671094 0.169444 0.007812 0.035185
0 0.096094 0.235648 0.010937 0.049074
2 0.737240 0.627778 0.007812 0.014815
2 0.686198 0.149074 0.003646 0.005556
2 0.512240 0.134722 0.003646 0.006481
2 0.369271 0.125000 0.004167 0.005556
2 0.158594 0.144444 0.003646 0.005556
2 0.020833 0.207407 0.004167 0.007407
1 0.427344 0.330093 0.009896 0.052778
1 0.464323 0.124537 0.007812 0.028704
