1 0.476823 0.339815 0.014063 0.061111
1 0.474479 0.090278 0.008333 0.028704
2 0.324740 0.849074 0.010937 0.020370
2 0.041927 0.175463 0.004687 0.008333
2 0.186198 0.111574 0.003646 0.006481
2 0.409896 0.094907 0.004167 0.006481
2 0.565885 0.108796 0.003646 0.006481
2 0.758854 0.129167 0.004167 0.006481
0 0.773177 0.686574 0.030729 0.076852
0 0.889062 0.351389 0.022917 0.065741
0 0.707552 0.462963 0.019271 0.068519
0 0.683854 0.607870 0.015625 0.086111
0 0.408333 0.626852 0.033333 0.066667
0 0.254948 0.816667 0.048438 0.059259
0 0.230469 0.815741 0.033854 0.088889
0 0.232031 0.570370 0.029687 0.072222
0 0.139063 0.532870 0.023958 0.069444
0 0.320312 0.400926 0.022917 0.061111
0 0.262760 0.437037 0.026562 0.072222
0 0.241667 0.381481 0.021875 0.068519
0 0.159635 0.375926 0.018229 0.066667
0 0.389583 0.355093 0.021875 0.062037
0 0.272656 0.264352 0.018229 0.054630
0 0.060677 0.232407 0.019271 0.050000
0 0.596354 0.255093 0.017708 0.052778
0 0.737760 0.156019 0.008854 0.037963
0 0.488021 0.247222 0.010417 0.051852
0 0.448177 0.150926 0.009896 0.038889
0 0.392969 0.168519 0.011979 0.046296
