0 0.053646 0.694907 0.019792 0.075000
0 0.126302 0.509259 0.011979 0.064815
0 0.286458 0.356019 0.010417 0.047222
0 0.329688 0.309259 0.009375 0.044444
0 0.384115 0.441667 0.009896 0.057407
0 0.593750 0.288889 0.007292 0.040741
0 0.671875 0.392130 0.012500 0.049074
0 0.607812 0.380556 0.013542 0.048148
0 0.595052 0.344444 0.009896 0.044444
0 0.605469 0.340278 0.010937 0.041667
0 0.610938 0.450463 0.011458 0.056481
0 0.773177 0.464352 0.011979 0.041667
0 0.812760 0.352315 0.008854 0.045370
0 0.873698 0.421296 0.010937 0.055556
0 0.909375 0.506944 0.016667 0.062037
0 0.947135 0.639815 0.021354 0.074074
0 0.619792 0.735185 0.016667 0.081481
0 0.595313 0.640278 0.013542 0.069444
0 0.606510 0.555093 0.016146 0.063889
0 0.510938 0.534259 0.014583 0.061111
1 0.483333 0.356481 0.011458 0.044444
1 0.339583 0.259259 0.007292 0.035185
2 0.598698 0.474537 0.004687 0.008333
