2 0.599219 0.473611 0.004687 0.008333
1 0.515625 0.360648 0.014583 0.045370
1 0.339323 0.256481 0.006771 0.035185
0 0.326302 0.307870 0.011979 0.041667
0 0.287500 0.353704 0.012500 0.048148
0 0.391667 0.443519 0.011458 0.055556
0 0.128125 0.508796 0.014583 0.063889
0 0.054427 0.692593 0.019271 0.074074
0 0.620573 0.735185 0.016146 0.081481
0 0.595573 0.637963 0.014063 0.070370
0 0.618229 0.548611 0.014583 0.067593
0 0.514062 0.533333 0.016667 0.059259
0 0.606771 0.449537 0.017708 0.052778
0 0.657292 0.369907 0.010417 0.047222
0 0.603646 0.382407 0.010417 0.048148
0 0.598437 0.352778 0.010417 0.046296
0 0.618490 0.330556 0.009896 0.042593
0 0.602344 0.281944 0.007812 0.037963
0 0.776563 0.459259 0.011458 0.050000
0 0.804427 0.338889 0.008854 0.042593
0 0.879687 0.422685 0.012500 0.054630
0 0.925521 0.508333 0.013542 0.059259
0 0.948177 0.639815 0.020313 0.074074
