0 0.720573 0.701852 0.018229 0.077778
0 0.927865 0.644444 0.020313 0.075926
0 0.913021 0.494444 0.014583 0.062963
0 0.896875 0.410648 0.010417 0.056481
0 0.852083 0.335648 0.008333 0.041667
0 0.810156 0.443981 0.014063 0.056481
0 0.735156 0.455556 0.014063 0.055556
0 0.712240 0.354167 0.013021 0.041667
0 0.724740 0.344907 0.011979 0.041667
0 0.703125 0.282407 0.013542 0.037037
0 0.640625 0.515741 0.014583 0.059259
0 0.607292 0.522685 0.016667 0.058333
0 0.592969 0.320370 0.008854 0.042593
0 0.553385 0.411574 0.013021 0.054630
0 0.457813 0.428704 0.013542 0.053704
0 0.358594 0.341204 0.009896 0.043519
0 0.395313 0.286574 0.008333 0.036111
0 0.202083 0.475463 0.011458 0.056481
0 0.070312 0.704630 0.019792 0.075926
0 0.595573 0.639815 0.015104 0.072222
2 0.398438 0.385648 0.005208 0.008333
1 0.389844 0.251389 0.007812 0.034259
1 0.654687 0.373148 0.008333 0.046296
