1 0.387500 0.230556 0.009375 0.035185
1 0.706771 0.368056 0.015625 0.050926
2 0.439844 0.348611 0.005729 0.010185
0 0.226042 0.497685 0.013542 0.065741
0 0.156250 0.761574 0.033333 0.080556
0 0.428385 0.324537 0.010937 0.043519
0 0.440104 0.264352 0.015625 0.037963
0 0.548177 0.373611 0.014063 0.052778
0 0.559375 0.402778 0.011458 0.048148
0 0.638542 0.286111 0.010417 0.044444
0 0.701562 0.318056 0.011458 0.045370
0 0.734896 0.253704 0.009375 0.042593
0 0.742708 0.311111 0.009375 0.044444
0 0.805208 0.287963 0.012500 0.040741
0 0.841667 0.347685 0.009375 0.050926
0 0.895833 0.428241 0.010417 0.060185
0 0.784896 0.435648 0.014583 0.060185
0 0.729427 0.396296 0.011979 0.057407
0 0.693750 0.483796 0.017708 0.058333
0 0.682292 0.525463 0.019792 0.063889
0 0.667448 0.583333 0.018229 0.072222
0 0.845313 0.709722 0.026042 0.082407
0 0.953125 0.599537 0.026042 0.075000
