0 0.851562 0.687963 0.019792 0.092593
0 0.831250 0.521296 0.022917 0.074074
0 0.717708 0.367130 0.015625 0.062037
0 0.658073 0.285648 0.016146 0.054630
0 0.623177 0.211111 0.010937 0.042593
0 0.629167 0.349537 0.023958 0.060185
0 0.589583 0.481944 0.014583 0.067593
0 0.500000 0.528241 0.020833 0.071296
0 0.523958 0.425926 0.011458 0.059259
0 0.543750 0.325926 0.012500 0.053704
0 0.482031 0.267593 0.011979 0.046296
0 0.464844 0.210648 0.010937 0.045370
0 0.529687 0.159259 0.012500 0.040741
0 0.296875 0.202315 0.012500 0.043519
0 0.322396 0.323148 0.014583 0.053704
0 0.271615 0.289352 0.015104 0.054630
0 0.138021 0.487037 0.022917 0.074074
0 0.144531 0.836111 0.030729 0.092593
2 0.179427 0.457870 0.007812 0.013889
0 0.558333 0.265741 0.009375 0.057407
0 0.408073 0.336574 0.013021 0.054630
1 0.511719 0.289352 0.011979 0.050926
1 0.208073 0.168519 0.009896 0.035185
