1 0.397396 0.273148 0.012500 0.057407
1 0.073438 0.121759 0.009375 0.034259
2 0.132031 0.512037 0.006771 0.012963
0 0.131771 0.178241 0.012500 0.049074
0 0.040104 0.282407 0.021875 0.055556
0 0.145052 0.385648 0.024479 0.060185
0 0.120313 0.483333 0.016667 0.070370
0 0.274740 0.357407 0.022396 0.061111
0 0.364323 0.285185 0.022396 0.053704
0 0.341406 0.464352 0.015104 0.078704
0 0.421875 0.337963 0.021875 0.062963
0 0.319531 0.198611 0.013021 0.047222
0 0.409635 0.262037 0.010937 0.057407
0 0.385937 0.102315 0.010417 0.043519
0 0.488542 0.191667 0.013542 0.048148
0 0.535417 0.277778 0.010417 0.057407
0 0.544531 0.273148 0.020313 0.062963
0 0.609635 0.352778 0.015104 0.064815
0 0.538021 0.487963 0.025000 0.072222
0 0.456771 0.527778 0.016667 0.081481
0 0.767448 0.493981 0.023438 0.075000
0 0.863802 0.640278 0.019271 0.087963
0 0.882812 0.205093 0.015625 0.052778
