2 0.408073 0.735648 0.007812 0.013889
1 0.462240 0.342593 0.013021 0.053704
1 0.119010 0.162037 0.014063 0.035185
0 0.207552 0.237037 0.010937 0.044444
0 0.090104 0.356019 0.018750 0.056481
0 0.092188 0.642130 0.034375 0.082407
0 0.251563 0.557870 0.028125 0.076852
0 0.327604 0.481019 0.021875 0.069444
0 0.389323 0.271296 0.011979 0.048148
0 0.425521 0.270370 0.012500 0.048148
0 0.406250 0.345833 0.013542 0.056481
0 0.466146 0.464352 0.015625 0.071296
0 0.587760 0.635185 0.024479 0.075926
0 0.671354 0.605556 0.022917 0.075926
0 0.754687 0.455556 0.016667 0.064815
0 0.642188 0.319907 0.014583 0.056481
0 0.606250 0.296296 0.012500 0.051852
0 0.549740 0.242593 0.009896 0.037037
0 0.891146 0.253241 0.011458 0.050926
0 0.883854 0.619907 0.019792 0.084259
0 0.982292 0.689815 0.016667 0.085185
0 0.443490 0.755556 0.024479 0.085185
0 0.411719 0.782407 0.022396 0.083333
0 0.451562 0.151389 0.008333 0.037963
