0 0.944531 0.555093 0.022396 0.052778
0 0.832812 0.320833 0.011458 0.036111
0 0.802865 0.467593 0.013021 0.051852
0 0.727604 0.530556 0.017708 0.050000
0 0.683594 0.574537 0.018229 0.056481
0 0.702865 0.360648 0.010937 0.041667
0 0.645833 0.342130 0.010417 0.039815
0 0.611979 0.305556 0.010417 0.033333
0 0.513021 0.444444 0.014583 0.046296
0 0.542969 0.529630 0.017188 0.051852
0 0.505208 0.553241 0.011458 0.056481
0 0.487500 0.350926 0.012500 0.040741
0 0.437760 0.336111 0.013021 0.033333
0 0.500781 0.253241 0.006771 0.028704
0 0.298177 0.332407 0.010937 0.037037
0 0.217708 0.445833 0.015625 0.049074
0 0.162760 0.615278 0.013021 0.060185
0 0.278646 0.548611 0.020833 0.056481
0 0.497396 0.707870 0.020833 0.062037
0 0.550260 0.702778 0.022396 0.064815
1 0.551562 0.403704 0.014583 0.042593
1 0.187760 0.250000 0.007812 0.024074
