0 0.947917 0.461574 0.013542 0.049074
0 0.757552 0.401389 0.015104 0.032407
0 0.714323 0.448611 0.020313 0.039815
0 0.696354 0.486111 0.012500 0.046296
0 0.648177 0.319907 0.011979 0.037963
0 0.585938 0.336111 0.009375 0.037037
0 0.527344 0.469444 0.013021 0.050000
0 0.591406 0.611111 0.021354 0.053704
0 0.614062 0.620833 0.019792 0.058333
0 0.471615 0.412963 0.010937 0.040741
0 0.518490 0.312963 0.009896 0.035185
0 0.518229 0.350463 0.015625 0.039815
0 0.397917 0.310185 0.013542 0.038889
0 0.382292 0.343056 0.009375 0.037963
0 0.409375 0.392130 0.010417 0.043519
0 0.411719 0.482870 0.010937 0.047222
0 0.194010 0.387037 0.008854 0.040741
0 0.135677 0.608333 0.015104 0.064815
0 0.139063 0.643056 0.020833 0.065741
0 0.037240 0.565278 0.015104 0.060185
1 0.565625 0.425000 0.010417 0.042593
