1 0.982031 0.617130 0.017188 0.060185
0 0.861198 0.580093 0.014063 0.058333
0 0.797135 0.550926 0.018229 0.062963
0 0.735417 0.530556 0.022917 0.057407
0 0.754687 0.458796 0.021875 0.050926
0 0.663542 0.533333 0.015625 0.059259
0 0.617708 0.475000 0.018750 0.055556
0 0.539583 0.599074 0.026042 0.055556
0 0.527083 0.658796 0.032292 0.056481
0 0.536458 0.679630 0.017708 0.064815
0 0.475260 0.648148 0.026562 0.062963
0 0.462760 0.600926 0.028646 0.061111
0 0.349740 0.499074 0.019271 0.059259
0 0.431510 0.478704 0.015104 0.050000
0 0.520573 0.374074 0.015104 0.044444
0 0.532552 0.362963 0.014063 0.044444
0 0.635677 0.322222 0.009896 0.042593
0 0.429688 0.325463 0.010417 0.037963
0 0.402865 0.332870 0.014063 0.039815
0 0.282813 0.377778 0.012500 0.044444
0 0.119531 0.448611 0.017188 0.052778
0 0.098698 0.676852 0.018229 0.072222
1 0.419010 0.490278 0.014063 0.054630
2 0.256510 0.675926 0.007812 0.012963
