1 0.507292 0.482870 0.017708 0.045370
1 0.004427 0.327315 0.007812 0.032407
2 0.529948 0.589352 0.006771 0.010185
0 0.651823 0.672685 0.016146 0.063889
0 0.671354 0.658796 0.019792 0.062037
0 0.721354 0.513889 0.014583 0.046296
0 0.825260 0.503241 0.017188 0.041667
0 0.832031 0.464352 0.014063 0.043519
0 0.871615 0.531019 0.019271 0.052778
0 0.915104 0.542593 0.011458 0.048148
0 0.651823 0.480093 0.011979 0.041667
0 0.629687 0.350000 0.009375 0.037037
0 0.560417 0.381019 0.012500 0.037963
0 0.550260 0.378704 0.009896 0.038889
0 0.474219 0.342593 0.009896 0.033333
0 0.422917 0.353704 0.010417 0.040741
0 0.476302 0.451852 0.010937 0.040741
0 0.505990 0.549074 0.017188 0.051852
0 0.424740 0.476389 0.013021 0.049074
0 0.351823 0.624074 0.018229 0.062963
0 0.338802 0.631481 0.023438 0.059259
0 0.349479 0.386111 0.011458 0.037037
0 0.205729 0.444444 0.013542 0.042593
0 0.049740 0.659722 0.015104 0.065741
