0 0.703906 0.265741 0.009896 0.044444
0 0.703906 0.412963 0.025521 0.055556
0 0.774740 0.523611 0.017188 0.065741
0 0.881771 0.622222 0.019792 0.075926
1 0.990365 0.664352 0.019271 0.076852
0 0.675781 0.487963 0.023438 0.059259
0 0.642188 0.512037 0.013542 0.064815
0 0.598437 0.414815 0.013542 0.057407
0 0.556250 0.308796 0.012500 0.047222
0 0.522656 0.321759 0.018229 0.049074
0 0.452604 0.273148 0.010417 0.042593
0 0.404687 0.256481 0.010417 0.046296
0 0.385937 0.413426 0.012500 0.058333
0 0.352604 0.394907 0.008333 0.058333
0 0.462240 0.543519 0.018229 0.072222
0 0.561458 0.671759 0.022917 0.078704
0 0.516927 0.712500 0.017188 0.078704
0 0.438281 0.654630 0.031771 0.075926
0 0.382812 0.581944 0.015625 0.063889
0 0.290104 0.323611 0.013542 0.047222
0 0.101042 0.381019 0.012500 0.050926
0 0.163281 0.588426 0.028646 0.063889
2 0.148958 0.605556 0.006250 0.011111
1 0.410677 0.427315 0.014063 0.062037
1 0.039844 0.218519 0.011979 0.033333
