2 0.221875 0.479630 0.006250 0.011111
1 0.419271 0.321759 0.012500 0.056481
1 0.029948 0.177778 0.008854 0.042593
0 0.078646 0.300463 0.012500 0.050926
0 0.146615 0.437500 0.015104 0.071296
0 0.235417 0.457407 0.020833 0.066667
0 0.202865 0.634722 0.021354 0.082407
0 0.470313 0.799074 0.022917 0.094444
0 0.420573 0.517593 0.014063 0.079630
0 0.491406 0.487037 0.017188 0.068519
0 0.561458 0.447222 0.016667 0.068519
0 0.582292 0.412037 0.011458 0.066667
0 0.523958 0.345370 0.014583 0.061111
0 0.606250 0.336574 0.008333 0.062037
0 0.567187 0.288889 0.011458 0.055556
0 0.530729 0.271296 0.012500 0.053704
0 0.467708 0.210185 0.010417 0.046296
0 0.396615 0.288889 0.010937 0.051852
0 0.386719 0.265741 0.010937 0.050000
0 0.334896 0.246296 0.011458 0.044444
0 0.346354 0.171296 0.010417 0.042593
0 0.767188 0.481019 0.015625 0.069444
0 0.894531 0.657407 0.018229 0.087037
0 0.818750 0.242593 0.011458 0.051852
