0 0.861198 0.235648 0.013021 0.054630
0 0.747135 0.437037 0.016146 0.077778
0 0.893490 0.604630 0.017188 0.087037
0 0.433854 0.749537 0.020833 0.104630
0 0.521615 0.477778 0.017188 0.077778
0 0.510417 0.374074 0.013542 0.068519
0 0.527344 0.339352 0.013021 0.062037
0 0.590625 0.292593 0.011458 0.059259
0 0.597396 0.283796 0.008333 0.054630
0 0.512760 0.223148 0.010937 0.057407
0 0.448958 0.285185 0.013542 0.057407
0 0.362240 0.372685 0.015104 0.069444
0 0.401302 0.232407 0.010937 0.050000
0 0.412760 0.215278 0.008854 0.049074
0 0.337500 0.205093 0.009375 0.052778
0 0.312760 0.131944 0.009896 0.041667
0 0.180729 0.224074 0.017708 0.050000
0 0.216146 0.324537 0.015625 0.058333
0 0.065885 0.354167 0.014063 0.065741
0 0.170313 0.592130 0.020833 0.089815
0 0.462240 0.175463 0.013021 0.047222
2 0.197396 0.240741 0.005208 0.009259
1 0.028646 0.168056 0.010417 0.043519
1 0.411979 0.244444 0.010417 0.050000
