1 0.431250 0.269444 0.010417 0.046296
1 0.007552 0.248148 0.010937 0.046296
2 0.303125 0.237037 0.004167 0.007407
0 0.068490 0.359259 0.015104 0.057407
0 0.209635 0.326389 0.011979 0.052778
0 0.163542 0.583796 0.017708 0.084259
0 0.232031 0.250000 0.014063 0.044444
0 0.342708 0.360648 0.013542 0.063889
0 0.303646 0.215278 0.010417 0.041667
0 0.350521 0.227778 0.010417 0.040741
0 0.453385 0.243519 0.013021 0.038889
0 0.490625 0.243981 0.011458 0.043519
0 0.510417 0.226389 0.013542 0.041667
0 0.546094 0.258333 0.016146 0.046296
0 0.464844 0.302315 0.011979 0.054630
0 0.498177 0.368519 0.013021 0.057407
0 0.519010 0.367593 0.013021 0.055556
0 0.620313 0.327315 0.019792 0.050926
0 0.530469 0.468981 0.013021 0.065741
0 0.720052 0.427315 0.015104 0.063889
0 0.667708 0.379167 0.019792 0.056481
0 0.826562 0.547222 0.015625 0.079630
0 0.853906 0.317130 0.008854 0.054630
0 0.442708 0.714352 0.015625 0.091667
