0 0.825260 0.586574 0.015104 0.075000
0 0.839063 0.343981 0.010417 0.056481
0 0.703906 0.476389 0.016146 0.071296
0 0.641406 0.417130 0.017188 0.062037
0 0.586198 0.379630 0.011979 0.051852
0 0.499219 0.315741 0.013021 0.055556
0 0.512240 0.422685 0.018229 0.058333
0 0.479427 0.481481 0.011979 0.062963
0 0.444271 0.393981 0.014583 0.052778
0 0.436458 0.342130 0.011458 0.049074
0 0.450781 0.324074 0.009896 0.050000
0 0.469271 0.278704 0.010417 0.046296
0 0.402083 0.314815 0.018750 0.048148
0 0.348698 0.280556 0.011979 0.048148
0 0.372917 0.239352 0.013542 0.041667
0 0.272917 0.361574 0.013542 0.054630
0 0.230208 0.290278 0.010417 0.047222
0 0.209115 0.354167 0.013021 0.050926
0 0.177344 0.550926 0.022396 0.075926
0 0.079687 0.399537 0.014583 0.052778
0 0.441667 0.767130 0.020833 0.089815
1 0.428906 0.284259 0.009896 0.038889
2 0.204687 0.380556 0.005208 0.009259
