2 0.207292 0.563426 0.007292 0.012037
1 0.375260 0.315278 0.011979 0.052778
0 0.917188 0.671296 0.022917 0.090741
0 0.777344 0.519907 0.026562 0.073148
0 0.785937 0.297685 0.010417 0.054630
0 0.624740 0.404630 0.011979 0.066667
0 0.569010 0.355093 0.014063 0.058333
0 0.549219 0.335185 0.015104 0.059259
0 0.481510 0.452778 0.015104 0.061111
0 0.481771 0.532407 0.012500 0.079630
0 0.413021 0.464815 0.018750 0.068519
0 0.453385 0.374074 0.013021 0.059259
0 0.442969 0.353704 0.011979 0.059259
0 0.476562 0.267593 0.010417 0.048148
0 0.384635 0.210185 0.009896 0.046296
0 0.340365 0.281019 0.010937 0.049074
0 0.385417 0.343519 0.011458 0.051852
0 0.524479 0.808333 0.031250 0.101852
0 0.188021 0.533796 0.025000 0.071296
0 0.036198 0.402315 0.014063 0.060185
0 0.253125 0.387037 0.013542 0.062963
0 0.278646 0.376389 0.014583 0.054630
0 0.204948 0.271759 0.009896 0.049074
