2 0.776563 0.762963 0.008333 0.014815
1 0.410156 0.339352 0.010937 0.054630
0 0.414323 0.214815 0.010937 0.042593
0 0.526823 0.273611 0.014063 0.045370
0 0.567187 0.309259 0.010417 0.051852
0 0.611458 0.318981 0.013542 0.052778
0 0.589844 0.431481 0.018229 0.061111
0 0.702865 0.406481 0.016146 0.057407
0 0.765104 0.284722 0.013542 0.050926
0 0.709375 0.518519 0.023958 0.064815
0 0.865885 0.523611 0.023438 0.071296
0 0.905208 0.574074 0.015625 0.072222
0 0.782552 0.742130 0.022396 0.076852
0 0.725781 0.626389 0.019271 0.067593
0 0.580469 0.567130 0.026562 0.075000
0 0.456250 0.381019 0.019792 0.052778
0 0.477344 0.351852 0.010937 0.057407
0 0.390104 0.313426 0.014583 0.052778
0 0.375781 0.430093 0.013021 0.063889
0 0.334115 0.454630 0.016146 0.062963
0 0.289844 0.619444 0.014063 0.087037
0 0.058594 0.433333 0.016146 0.061111
0 0.204687 0.285648 0.010417 0.050926
