0 0.876563 0.643519 0.020833 0.079630
0 0.813281 0.550926 0.022396 0.070370
0 0.694531 0.525000 0.022396 0.061111
2 0.450000 0.525000 0.006250 0.011111
1 0.335156 0.349074 0.009896 0.050000
0 0.190885 0.315741 0.010937 0.046296
0 0.063281 0.476852 0.021354 0.061111
0 0.272135 0.576852 0.018229 0.075926
0 0.101042 0.717130 0.017708 0.089815
0 0.420833 0.493056 0.015625 0.058333
0 0.450260 0.368056 0.014063 0.049074
0 0.377865 0.324074 0.010937 0.046296
0 0.403385 0.325000 0.009896 0.048148
0 0.375000 0.237963 0.012500 0.040741
0 0.477083 0.285185 0.009375 0.040741
0 0.504687 0.295833 0.011458 0.045370
0 0.538021 0.312963 0.013542 0.044444
0 0.535677 0.427315 0.013021 0.058333
0 0.682813 0.480093 0.020833 0.056481
0 0.547917 0.551852 0.018750 0.064815
0 0.555469 0.575463 0.019271 0.067593
0 0.547656 0.596759 0.014063 0.063889
0 0.675260 0.279630 0.010937 0.044444
