2 0.160677 0.356481 0.004687 0.009259
0 0.114583 0.411574 0.014583 0.058333
0 0.153646 0.344907 0.016667 0.047222
0 0.334375 0.259259 0.011458 0.044444
0 0.342969 0.343056 0.014063 0.052778
0 0.421615 0.333796 0.009896 0.050926
0 0.453125 0.291667 0.013542 0.044444
0 0.441667 0.367593 0.011458 0.053704
0 0.423698 0.445833 0.014063 0.065741
0 0.407813 0.468981 0.017708 0.060185
0 0.479687 0.502778 0.015625 0.072222
0 0.578646 0.364815 0.012500 0.057407
0 0.621094 0.406019 0.014063 0.060185
0 0.651302 0.434259 0.014063 0.059259
0 0.557292 0.475000 0.015625 0.066667
0 0.554688 0.545370 0.013542 0.068519
0 0.455208 0.663889 0.017708 0.085185
0 0.287240 0.591204 0.020313 0.078704
0 0.142969 0.656481 0.019271 0.087037
0 0.837760 0.561574 0.016146 0.069444
0 0.745052 0.505093 0.020313 0.065741
0 0.773698 0.333333 0.008854 0.053704
1 0.255990 0.394907 0.011979 0.058333
