2 0.638281 0.217593 0.005729 0.011111
0 0.824740 0.231481 0.011979 0.053704
0 0.883594 0.432870 0.025521 0.069444
0 0.711979 0.793519 0.029167 0.100000
0 0.617188 0.198148 0.020833 0.044444
0 0.599479 0.279167 0.018750 0.049074
0 0.571354 0.287963 0.018750 0.050000
0 0.531510 0.202315 0.015104 0.045370
0 0.393750 0.257870 0.015625 0.050926
0 0.328385 0.448611 0.014063 0.076852
0 0.310937 0.393519 0.014583 0.068519
0 0.336719 0.252778 0.013021 0.050000
0 0.306771 0.283796 0.015625 0.050926
0 0.290885 0.188889 0.010937 0.046296
0 0.264583 0.206944 0.009375 0.049074
0 0.285938 0.490741 0.019792 0.070370
0 0.155729 0.463889 0.018750 0.068519
0 0.125000 0.424537 0.016667 0.065741
0 0.189062 0.327778 0.012500 0.051852
0 0.194531 0.342593 0.011979 0.053704
0 0.209115 0.277778 0.017188 0.050000
1 0.264323 0.155093 0.009896 0.043519
1 0.285677 0.444907 0.016146 0.075000
