0 0.252604 0.213889 0.013542 0.050000
0 0.289323 0.194444 0.010937 0.048148
0 0.463542 0.200000 0.013542 0.044444
2 0.604688 0.210648 0.005208 0.010185
0 0.600260 0.188426 0.013021 0.041667
0 0.813021 0.237037 0.013542 0.055556
0 0.887500 0.430093 0.017708 0.073148
0 0.563281 0.298148 0.016146 0.061111
0 0.576823 0.298148 0.013021 0.061111
0 0.718229 0.787037 0.027083 0.105556
0 0.323698 0.501389 0.019271 0.082407
0 0.352083 0.468519 0.020833 0.075926
0 0.318750 0.416667 0.019792 0.075926
0 0.185938 0.458796 0.017708 0.073148
0 0.124479 0.438426 0.022917 0.082407
0 0.178125 0.341667 0.018750 0.068519
0 0.194792 0.363426 0.015625 0.065741
0 0.205990 0.280556 0.015104 0.057407
0 0.302865 0.304167 0.016146 0.062037
0 0.376823 0.271759 0.015104 0.054630
0 0.353385 0.265741 0.016146 0.053704
1 0.263021 0.155093 0.015625 0.045370
1 0.282031 0.485185 0.022396 0.077778
