0 0.204687 0.285185 0.012500 0.057407
0 0.243229 0.218981 0.012500 0.050926
0 0.291927 0.201389 0.013021 0.047222
0 0.441667 0.205093 0.010417 0.049074
0 0.363802 0.272685 0.014063 0.056481
0 0.375521 0.275926 0.013542 0.055556
0 0.302865 0.313889 0.016146 0.062963
0 0.186979 0.349074 0.022917 0.066667
0 0.208333 0.369907 0.015625 0.067593
0 0.126042 0.449537 0.025000 0.080556
0 0.190885 0.469444 0.019271 0.079630
0 0.331250 0.426389 0.017708 0.078704
0 0.368229 0.471296 0.018750 0.083333
0 0.346094 0.506944 0.024479 0.080556
0 0.568750 0.302778 0.015625 0.055556
0 0.600781 0.189352 0.014063 0.050926
0 0.584375 0.302778 0.013542 0.055556
0 0.812760 0.240741 0.011979 0.051852
0 0.895573 0.432870 0.014063 0.071296
0 0.733333 0.787037 0.032292 0.103704
1 0.280729 0.500463 0.020833 0.078704
1 0.261719 0.156019 0.011979 0.047222
2 0.596875 0.206481 0.006250 0.009259
