0 0.261458 0.210648 0.011458 0.054630
0 0.289323 0.189352 0.015104 0.047222
0 0.514844 0.199074 0.016146 0.044444
0 0.610938 0.193981 0.016667 0.050926
0 0.820052 0.234722 0.017188 0.052778
0 0.880469 0.427315 0.019271 0.075000
0 0.711719 0.791667 0.023438 0.109259
0 0.568750 0.289352 0.013542 0.056481
0 0.584635 0.285185 0.015104 0.053704
0 0.386198 0.260648 0.016146 0.060185
0 0.339583 0.255556 0.014583 0.053704
0 0.304688 0.285648 0.014583 0.058333
0 0.310937 0.396296 0.015625 0.075926
0 0.331510 0.455093 0.018229 0.076852
0 0.290625 0.492593 0.021875 0.068519
0 0.166667 0.457870 0.017708 0.069444
0 0.123177 0.422685 0.021354 0.069444
0 0.189583 0.347685 0.013542 0.062037
0 0.174219 0.333333 0.022396 0.059259
0 0.207031 0.275463 0.015104 0.054630
1 0.284635 0.454630 0.017188 0.077778
1 0.260417 0.156019 0.016667 0.049074
2 0.616406 0.216204 0.005729 0.013889
