2 0.833333 0.247685 0.005208 0.012037
0 0.930208 0.439815 0.028125 0.075926
0 0.835677 0.225000 0.016146 0.050000
0 0.770312 0.834722 0.032292 0.106481
0 0.615885 0.282870 0.016146 0.056481
0 0.732031 0.242593 0.014063 0.048148
0 0.599740 0.169907 0.013021 0.047222
0 0.567969 0.204167 0.011979 0.054630
0 0.458854 0.256944 0.018750 0.052778
0 0.342969 0.508796 0.032813 0.075000
0 0.333073 0.433796 0.020313 0.063889
0 0.320312 0.400463 0.020833 0.067593
0 0.151562 0.470833 0.018750 0.078704
0 0.103385 0.543056 0.022396 0.076852
0 0.218750 0.341667 0.017708 0.062963
0 0.258854 0.335648 0.018750 0.069444
0 0.294531 0.295833 0.017188 0.058333
0 0.263802 0.272222 0.022396 0.055556
0 0.273958 0.205556 0.013542 0.040741
0 0.279167 0.182407 0.012500 0.044444
1 0.282552 0.146759 0.008854 0.045370
1 0.295573 0.393519 0.020313 0.064815
