1 0.305208 0.417593 0.017708 0.074074
1 0.285677 0.156481 0.009896 0.048148
2 0.827604 0.254630 0.006250 0.011111
0 0.928906 0.437963 0.017188 0.070370
0 0.748177 0.822222 0.027604 0.105556
0 0.853385 0.235185 0.014063 0.053704
0 0.625000 0.190741 0.015625 0.050000
0 0.670312 0.263426 0.022917 0.052778
0 0.611719 0.287500 0.025521 0.056481
0 0.571354 0.212500 0.015625 0.052778
0 0.436719 0.260185 0.017188 0.050000
0 0.348958 0.246759 0.012500 0.049074
0 0.314583 0.286574 0.016667 0.054630
0 0.340104 0.437500 0.016667 0.076852
0 0.328385 0.386111 0.014063 0.062963
0 0.303385 0.505093 0.026562 0.075000
0 0.157031 0.438889 0.023438 0.066667
0 0.138542 0.493981 0.013542 0.073148
0 0.220833 0.340741 0.014583 0.059259
0 0.242188 0.330093 0.022917 0.052778
0 0.244792 0.282407 0.012500 0.057407
0 0.275000 0.214352 0.011458 0.043519
0 0.302865 0.187500 0.014063 0.050926
