0 0.893490 0.406019 0.018229 0.073148
0 0.753125 0.810185 0.039583 0.111111
0 0.778906 0.200926 0.018229 0.050000
0 0.726302 0.211574 0.015104 0.047222
0 0.514323 0.183796 0.015104 0.047222
0 0.538542 0.137500 0.014583 0.047222
0 0.557813 0.263426 0.017708 0.062037
0 0.434635 0.243056 0.015104 0.052778
0 0.364844 0.486574 0.027604 0.075000
0 0.296875 0.398611 0.020833 0.069444
0 0.294271 0.425926 0.020833 0.064815
0 0.100781 0.501389 0.024479 0.080556
0 0.061719 0.581944 0.019271 0.075000
0 0.174740 0.342130 0.019271 0.063889
0 0.217188 0.335648 0.018750 0.062037
0 0.249479 0.295370 0.018750 0.062963
0 0.229427 0.260648 0.018229 0.060185
0 0.305990 0.222685 0.013021 0.045370
0 0.238542 0.190741 0.016667 0.046296
0 0.228125 0.164815 0.009375 0.046296
2 0.812760 0.279630 0.006771 0.014815
1 0.247917 0.375926 0.015625 0.062963
1 0.239844 0.129167 0.013021 0.043519
