0 0.787240 0.327778 0.018229 0.066667
0 0.821615 0.763426 0.026562 0.104630
0 0.489323 0.485648 0.023438 0.084259
0 0.502865 0.245370 0.018229 0.072222
0 0.690104 0.173148 0.013542 0.053704
0 0.678125 0.196759 0.013542 0.060185
0 0.372917 0.230556 0.022917 0.064815
0 0.369271 0.148611 0.014583 0.060185
0 0.432031 0.080556 0.016146 0.042593
0 0.322135 0.407407 0.022396 0.075926
0 0.295312 0.435185 0.015625 0.075926
0 0.142969 0.378704 0.021354 0.072222
0 0.105729 0.364352 0.025000 0.073148
0 0.056510 0.640741 0.031771 0.112963
0 0.057031 0.774074 0.035937 0.111111
0 0.221875 0.321296 0.023958 0.068519
0 0.248438 0.212500 0.015625 0.054630
0 0.155208 0.250000 0.021875 0.066667
0 0.177604 0.175000 0.018750 0.053704
0 0.189844 0.119444 0.016146 0.048148
1 0.252083 0.370833 0.016667 0.073148
1 0.184375 0.087037 0.014583 0.046296
2 0.763802 0.343519 0.006771 0.014815
