0 0.626563 0.206019 0.019792 0.058333
0 0.662240 0.161574 0.014063 0.056481
0 0.750260 0.295370 0.018229 0.064815
0 0.802604 0.741204 0.023958 0.100926
0 0.469531 0.471296 0.022396 0.081481
0 0.530208 0.231019 0.016667 0.065741
0 0.427604 0.066204 0.014583 0.041667
0 0.350000 0.131944 0.018750 0.049074
0 0.350521 0.206019 0.019792 0.062037
0 0.309896 0.434722 0.023958 0.073148
0 0.310677 0.396296 0.024479 0.079630
0 0.138021 0.357407 0.017708 0.077778
0 0.089583 0.359259 0.023958 0.079630
0 0.047396 0.658796 0.029167 0.104630
0 0.023698 0.772222 0.027604 0.109259
0 0.205469 0.297222 0.015104 0.074074
0 0.259635 0.196296 0.011979 0.059259
0 0.158594 0.224537 0.015104 0.062037
0 0.165625 0.153241 0.015625 0.056481
0 0.205990 0.100926 0.013021 0.044444
1 0.276823 0.364815 0.019271 0.081481
1 0.182292 0.066667 0.010417 0.044444
2 0.609635 0.275926 0.007812 0.012963
