0 0.896094 0.408796 0.023438 0.071296
0 0.768229 0.223148 0.017708 0.050000
0 0.755208 0.234259 0.017708 0.050000
0 0.827604 0.831481 0.035417 0.111111
0 0.471875 0.518519 0.025000 0.083333
0 0.548177 0.289815 0.015104 0.064815
0 0.458333 0.197685 0.017708 0.050926
0 0.498437 0.135185 0.015625 0.042593
0 0.432812 0.267130 0.018750 0.060185
0 0.342969 0.438889 0.019271 0.074074
0 0.310417 0.465278 0.017708 0.076852
0 0.096875 0.604630 0.023958 0.092593
0 0.083073 0.708796 0.025521 0.082407
0 0.187240 0.381019 0.018229 0.062037
0 0.182812 0.393519 0.017708 0.066667
0 0.251563 0.344444 0.019792 0.066667
0 0.213802 0.288889 0.018229 0.061111
0 0.292708 0.247685 0.010417 0.049074
0 0.237500 0.209722 0.013542 0.049074
0 0.226042 0.167593 0.011458 0.046296
2 0.867708 0.422222 0.007292 0.012963
1 0.264583 0.399537 0.014583 0.060185
1 0.232813 0.134259 0.013542 0.044444
