1 0.363021 0.375926 0.017708 0.077778
1 0.276042 0.065741 0.013542 0.042593
2 0.823177 0.344907 0.008854 0.015741
0 0.840365 0.324537 0.017188 0.069444
0 0.844792 0.789815 0.022917 0.107407
0 0.752083 0.175926 0.016667 0.053704
0 0.645833 0.243981 0.013542 0.060185
0 0.653906 0.252778 0.018229 0.055556
0 0.469792 0.488426 0.022917 0.086111
0 0.355469 0.453241 0.026562 0.071296
0 0.354427 0.391667 0.019271 0.070370
0 0.104427 0.718056 0.024479 0.100926
0 0.099479 0.606944 0.023958 0.102778
0 0.215625 0.340278 0.020833 0.071296
0 0.166667 0.329630 0.018750 0.070370
0 0.281250 0.287500 0.018750 0.065741
0 0.405469 0.197222 0.014063 0.059259
0 0.431510 0.134722 0.015104 0.054630
0 0.523958 0.073611 0.012500 0.045370
0 0.309115 0.098148 0.016146 0.051852
0 0.352344 0.175463 0.013021 0.052778
0 0.236719 0.214815 0.018229 0.059259
0 0.261979 0.141204 0.010417 0.058333
