0 0.781510 0.180556 0.017188 0.055556
0 0.852344 0.331481 0.023438 0.074074
0 0.843490 0.867130 0.020313 0.115741
0 0.648958 0.275000 0.017708 0.070370
0 0.668229 0.277315 0.014583 0.062037
0 0.567708 0.085185 0.012500 0.044444
0 0.464583 0.138889 0.013542 0.057407
0 0.422396 0.200000 0.016667 0.055556
0 0.420052 0.527315 0.024479 0.091667
0 0.345573 0.409259 0.024479 0.077778
0 0.336979 0.472222 0.023958 0.083333
0 0.108594 0.725926 0.029687 0.111111
0 0.114323 0.591667 0.026562 0.103704
0 0.184635 0.339352 0.016146 0.078704
0 0.226562 0.346296 0.017708 0.072222
0 0.300521 0.287037 0.020833 0.072222
0 0.248958 0.230556 0.014583 0.064815
0 0.282813 0.147222 0.011458 0.053704
0 0.372135 0.167593 0.013021 0.050000
0 0.343229 0.094444 0.011458 0.050000
2 0.799219 0.282870 0.009896 0.017593
1 0.380729 0.407407 0.021875 0.083333
1 0.313542 0.069444 0.012500 0.048148
