0 0.750260 0.182407 0.018229 0.053704
0 0.835677 0.355556 0.020313 0.074074
0 0.766927 0.875926 0.042188 0.120370
0 0.588542 0.263426 0.017708 0.071296
0 0.642708 0.246296 0.016667 0.070370
0 0.599219 0.095370 0.008854 0.046296
0 0.469792 0.175000 0.013542 0.057407
0 0.467187 0.132870 0.012500 0.050926
0 0.351302 0.480093 0.020313 0.087963
0 0.316927 0.434259 0.019271 0.075926
0 0.160417 0.464815 0.021875 0.090741
0 0.137240 0.597222 0.024479 0.094444
0 0.250521 0.275463 0.013542 0.069444
0 0.266146 0.276389 0.016667 0.065741
0 0.378906 0.321759 0.018229 0.078704
0 0.361458 0.242130 0.016667 0.067593
0 0.303906 0.208796 0.015104 0.063889
0 0.340625 0.134259 0.011458 0.053704
0 0.401823 0.094444 0.013021 0.044444
0 0.407031 0.153704 0.007812 0.050000
1 0.399219 0.382870 0.017188 0.082407
1 0.367448 0.079630 0.013021 0.046296
2 0.740625 0.199537 0.005208 0.008333
