2 0.638542 0.186111 0.007292 0.012963
0 0.664583 0.129167 0.012500 0.049074
0 0.668490 0.189352 0.022396 0.045370
0 0.803385 0.362963 0.018229 0.075926
0 0.678906 0.856019 0.035937 0.123148
0 0.555990 0.249537 0.015104 0.065741
0 0.500521 0.179167 0.014583 0.045370
0 0.473438 0.143056 0.010417 0.049074
0 0.427344 0.114815 0.011979 0.048148
0 0.432552 0.154630 0.011979 0.048148
0 0.380729 0.148611 0.016667 0.052778
0 0.409635 0.227778 0.023438 0.059259
0 0.406771 0.284259 0.020833 0.062963
0 0.324740 0.208333 0.015104 0.055556
0 0.306250 0.223148 0.021875 0.050000
0 0.295312 0.249537 0.018750 0.065741
0 0.182552 0.398611 0.023438 0.078704
0 0.166667 0.481481 0.020833 0.081481
0 0.345833 0.430556 0.022917 0.075926
0 0.332552 0.395370 0.020313 0.075926
0 0.632292 0.206944 0.015625 0.050926
1 0.404687 0.343519 0.018750 0.066667
1 0.402344 0.099537 0.013021 0.041667
