0 0.937500 0.402315 0.013542 0.065741
0 0.871354 0.322222 0.013542 0.053704
0 0.854948 0.327315 0.014063 0.054630
0 0.755729 0.254630 0.014583 0.044444
0 0.770573 0.724537 0.021354 0.102778
0 0.648438 0.305556 0.018750 0.055556
0 0.589844 0.280556 0.013021 0.051852
0 0.551823 0.218519 0.014063 0.035185
0 0.544792 0.240741 0.009375 0.042593
0 0.535677 0.253704 0.013021 0.040741
0 0.523177 0.229630 0.014063 0.040741
0 0.500521 0.256481 0.010417 0.046296
0 0.458854 0.346759 0.018750 0.056481
0 0.421354 0.260185 0.013542 0.051852
0 0.440885 0.415741 0.018229 0.064815
0 0.129948 0.315278 0.015104 0.056481
0 0.246875 0.386111 0.019792 0.059259
0 0.278646 0.399537 0.016667 0.062037
0 0.360677 0.303704 0.013021 0.059259
0 0.320312 0.263426 0.013542 0.045370
1 0.525000 0.376852 0.012500 0.062963
1 0.506771 0.200926 0.010417 0.044444
2 0.550781 0.232870 0.004687 0.008333
