2 0.530469 0.218056 0.004687 0.008333
0 0.493229 0.221759 0.011458 0.045370
0 0.499479 0.238426 0.010417 0.045370
0 0.534115 0.208333 0.009896 0.042593
0 0.553385 0.227778 0.010937 0.048148
0 0.587240 0.262500 0.017188 0.052778
0 0.618229 0.289352 0.014583 0.056481
0 0.477604 0.255556 0.013542 0.048148
0 0.469792 0.335648 0.015625 0.060185
0 0.440365 0.406019 0.020313 0.063889
0 0.403125 0.430556 0.016667 0.068519
0 0.345573 0.293056 0.014063 0.056481
0 0.416146 0.232870 0.014583 0.047222
0 0.310156 0.234722 0.014063 0.043519
0 0.246875 0.377315 0.020833 0.060185
0 0.246094 0.388889 0.015104 0.055556
0 0.120833 0.288889 0.012500 0.055556
0 0.776563 0.243056 0.014583 0.047222
0 0.828646 0.300926 0.009375 0.055556
0 0.827604 0.300463 0.010417 0.049074
0 0.912240 0.389815 0.014063 0.066667
0 0.756771 0.753241 0.020833 0.108333
1 0.500000 0.363426 0.013542 0.060185
1 0.482031 0.182407 0.010937 0.040741
