0 0.798438 0.356944 0.015625 0.069444
0 0.655208 0.803241 0.022917 0.115741
0 0.653646 0.208796 0.012500 0.049074
0 0.667188 0.215278 0.016667 0.047222
0 0.706250 0.155556 0.014583 0.046296
0 0.553646 0.250000 0.012500 0.061111
0 0.524219 0.193056 0.015104 0.049074
0 0.507552 0.156944 0.015104 0.047222
0 0.450781 0.133796 0.014063 0.045370
0 0.443229 0.178241 0.013542 0.045370
0 0.426302 0.219907 0.013021 0.054630
0 0.402083 0.167130 0.018750 0.045370
0 0.344792 0.194444 0.016667 0.050000
0 0.423438 0.281019 0.017708 0.060185
0 0.364583 0.375463 0.017708 0.067593
0 0.355729 0.408796 0.020833 0.067593
0 0.306510 0.247222 0.014063 0.064815
0 0.288802 0.207407 0.016146 0.053704
0 0.216146 0.367130 0.021875 0.065741
0 0.188281 0.417593 0.023438 0.068519
1 0.409896 0.114815 0.012500 0.040741
1 0.424219 0.329167 0.017188 0.062037
2 0.397656 0.157407 0.005729 0.009259
