1 0.453385 0.339352 0.015104 0.062037
1 0.429427 0.137963 0.011979 0.040741
2 0.469010 0.190741 0.005729 0.009259
0 0.091406 0.245370 0.021354 0.053704
0 0.193750 0.384722 0.018750 0.065741
0 0.227083 0.364815 0.014583 0.068519
0 0.286458 0.204630 0.009375 0.046296
0 0.315104 0.260185 0.014583 0.068519
0 0.376563 0.418981 0.018750 0.071296
0 0.406771 0.382407 0.015625 0.072222
0 0.386719 0.192593 0.014063 0.037037
0 0.428646 0.197685 0.015625 0.049074
0 0.454427 0.230093 0.017188 0.052778
0 0.459375 0.205093 0.011458 0.045370
0 0.490365 0.170370 0.010937 0.046296
0 0.456250 0.305093 0.015625 0.060185
0 0.554167 0.187963 0.019792 0.038889
0 0.569271 0.223611 0.022917 0.050926
0 0.591927 0.254167 0.015104 0.050926
0 0.695573 0.780093 0.023438 0.117593
0 0.856250 0.364815 0.015625 0.064815
0 0.740625 0.256019 0.013542 0.052778
0 0.751563 0.244444 0.010417 0.059259
0 0.764062 0.197222 0.013542 0.044444
