0 0.820052 0.354167 0.015104 0.071296
0 0.670573 0.788889 0.023438 0.116667
0 0.730990 0.162500 0.011979 0.041667
0 0.696094 0.214352 0.010937 0.056481
0 0.688281 0.212037 0.011979 0.055556
0 0.564583 0.247222 0.017708 0.061111
0 0.544271 0.198148 0.012500 0.050000
0 0.530208 0.162500 0.013542 0.047222
0 0.470313 0.140741 0.013542 0.048148
0 0.450781 0.184259 0.019271 0.048148
0 0.441927 0.217593 0.015104 0.051852
0 0.413542 0.174074 0.016667 0.048148
0 0.437760 0.282870 0.018229 0.060185
2 0.363542 0.182407 0.005208 0.011111
0 0.359115 0.189352 0.018229 0.050926
0 0.380990 0.370833 0.021354 0.071296
0 0.364323 0.407407 0.021354 0.068519
0 0.312760 0.242593 0.025521 0.061111
0 0.290365 0.197685 0.019271 0.050926
0 0.224219 0.356481 0.021354 0.066667
0 0.192969 0.397685 0.021354 0.062037
0 0.059115 0.232870 0.020313 0.052778
1 0.418490 0.117130 0.009896 0.037963
1 0.436979 0.326389 0.020833 0.063889
