1 0.532031 0.406944 0.011979 0.058333
1 0.508594 0.258333 0.016146 0.040741
2 0.610156 0.303241 0.004687 0.008333
0 0.547396 0.270370 0.010417 0.033333
0 0.537760 0.277315 0.008854 0.036111
0 0.634115 0.295833 0.010937 0.043519
0 0.567187 0.286574 0.009375 0.036111
0 0.559896 0.314815 0.013542 0.040741
0 0.495052 0.302315 0.010937 0.047222
0 0.393750 0.338426 0.012500 0.049074
0 0.398958 0.343981 0.013542 0.050926
0 0.377604 0.366667 0.016667 0.050000
0 0.381250 0.402315 0.015625 0.052778
0 0.407552 0.445833 0.015104 0.060185
0 0.367969 0.463426 0.014063 0.060185
0 0.305990 0.472222 0.019271 0.061111
0 0.270313 0.452315 0.015625 0.065741
0 0.140885 0.379167 0.010937 0.054630
0 0.720052 0.670370 0.026562 0.077778
0 0.692448 0.291667 0.010937 0.040741
0 0.698698 0.350000 0.018229 0.053704
0 0.816146 0.385185 0.010417 0.055556
0 0.864583 0.375000 0.017708 0.051852
0 0.924219 0.435648 0.010937 0.058333
