2 0.539844 0.243056 0.004687 0.008333
0 0.546354 0.227778 0.017708 0.037037
0 0.579427 0.259259 0.014063 0.042593
0 0.567448 0.288426 0.009896 0.047222
0 0.522396 0.248611 0.009375 0.039815
0 0.518490 0.236111 0.010937 0.038889
0 0.492708 0.261574 0.011458 0.043519
0 0.676042 0.318981 0.013542 0.054630
0 0.695573 0.259722 0.009896 0.039815
0 0.397396 0.282870 0.014583 0.049074
0 0.414323 0.360648 0.013021 0.056481
0 0.414323 0.421296 0.015104 0.059259
0 0.374479 0.433796 0.013542 0.065741
0 0.348698 0.327778 0.011979 0.055556
0 0.332031 0.287963 0.011979 0.046296
0 0.281250 0.420833 0.017708 0.058333
0 0.244010 0.402778 0.017188 0.064815
0 0.121615 0.338426 0.014063 0.054630
0 0.756250 0.690278 0.022917 0.087963
0 0.845313 0.347222 0.010417 0.057407
0 0.932292 0.406481 0.020833 0.064815
0 0.860417 0.337500 0.012500 0.056481
1 0.520052 0.382870 0.015104 0.060185
1 0.496615 0.219907 0.014063 0.041667
