0 0.688021 0.687963 0.019792 0.088889
0 0.901302 0.466204 0.011979 0.060185
0 0.776563 0.392130 0.014583 0.058333
0 0.742188 0.318056 0.013542 0.047222
0 0.692969 0.359259 0.013021 0.055556
0 0.662500 0.323611 0.010417 0.043519
0 0.613281 0.337037 0.011979 0.042593
0 0.626563 0.318519 0.009375 0.046296
0 0.593750 0.290278 0.013542 0.045370
0 0.549479 0.301389 0.013542 0.037963
0 0.515104 0.327315 0.013542 0.050926
0 0.457552 0.357870 0.011979 0.050926
0 0.440885 0.358333 0.015104 0.050000
0 0.426302 0.392593 0.010937 0.048148
0 0.429948 0.428704 0.011979 0.051852
0 0.420573 0.471296 0.016146 0.062963
0 0.421615 0.487037 0.011979 0.057407
0 0.336719 0.511111 0.015104 0.055556
0 0.317448 0.474537 0.019271 0.063889
0 0.164062 0.397222 0.014583 0.055556
0 0.925781 0.380556 0.011979 0.051852
1 0.546354 0.273148 0.010417 0.040741
1 0.566667 0.416204 0.011458 0.056481
2 0.669271 0.342593 0.004167 0.009259
