2 0.856510 0.385185 0.006771 0.011111
0 0.909896 0.493056 0.014583 0.062037
0 0.940885 0.381944 0.014063 0.050926
0 0.759115 0.318981 0.011979 0.043519
0 0.735677 0.391204 0.017188 0.047222
0 0.683854 0.372222 0.011458 0.046296
0 0.670573 0.325463 0.008854 0.041667
0 0.665104 0.344444 0.010417 0.044444
0 0.653125 0.350463 0.017708 0.047222
0 0.621875 0.298148 0.010417 0.044444
0 0.577865 0.309722 0.011979 0.043519
0 0.662500 0.730556 0.019792 0.087037
0 0.494531 0.362500 0.010937 0.045370
0 0.497656 0.365741 0.011979 0.048148
0 0.545573 0.352315 0.015104 0.049074
0 0.496875 0.447222 0.016667 0.059259
0 0.463542 0.412037 0.015625 0.057407
0 0.473438 0.511574 0.017708 0.063889
0 0.421875 0.495370 0.013542 0.061111
0 0.370052 0.488889 0.011979 0.062963
0 0.174219 0.406481 0.017188 0.053704
0 0.314323 0.573148 0.016146 0.062963
1 0.580208 0.282407 0.009375 0.040741
1 0.587760 0.417593 0.015104 0.055556
