0 0.823438 0.444444 0.030208 0.066667
0 0.818229 0.282407 0.015625 0.050000
0 0.656510 0.197685 0.011979 0.047222
0 0.656771 0.319444 0.017708 0.061111
0 0.586979 0.318981 0.015625 0.063889
0 0.557292 0.228704 0.012500 0.050000
0 0.526302 0.193981 0.013021 0.047222
0 0.519792 0.275463 0.013542 0.054630
0 0.498698 0.260185 0.015104 0.050000
0 0.467448 0.230093 0.014063 0.049074
0 0.495052 0.321296 0.015104 0.059259
0 0.621615 0.793056 0.029687 0.108333
0 0.461979 0.529167 0.017708 0.076852
0 0.418750 0.441204 0.016667 0.071296
0 0.368229 0.453704 0.016667 0.074074
0 0.369010 0.361574 0.017188 0.069444
0 0.398438 0.312500 0.014583 0.056481
0 0.413542 0.296296 0.016667 0.059259
0 0.284115 0.493981 0.024479 0.071296
0 0.172656 0.727315 0.029687 0.093519
0 0.049219 0.329630 0.022396 0.064815
2 0.807813 0.464352 0.008333 0.013889
1 0.516146 0.167130 0.011458 0.041667
1 0.488802 0.368519 0.015104 0.064815
