1 0.556771 0.368056 0.015625 0.062037
1 0.570833 0.208796 0.014583 0.041667
2 0.848698 0.326852 0.005729 0.009259
0 0.861458 0.302315 0.018750 0.047222
0 0.892448 0.468519 0.016146 0.070370
0 0.710677 0.334259 0.015104 0.057407
0 0.727344 0.237037 0.011979 0.046296
0 0.639844 0.256481 0.013021 0.051852
0 0.629687 0.331019 0.012500 0.058333
0 0.609115 0.292593 0.016146 0.051852
0 0.594271 0.224537 0.012500 0.047222
0 0.568750 0.280556 0.011458 0.048148
0 0.530990 0.249074 0.010937 0.042593
0 0.541667 0.313426 0.015625 0.054630
0 0.488542 0.305556 0.016667 0.051852
0 0.470573 0.317593 0.013021 0.051852
0 0.445052 0.362963 0.011979 0.061111
0 0.486719 0.425926 0.016146 0.061111
0 0.500781 0.501852 0.018229 0.066667
0 0.412500 0.456944 0.017708 0.065741
0 0.372656 0.460648 0.017188 0.067593
0 0.643490 0.760648 0.022396 0.104630
0 0.250260 0.628704 0.020313 0.079630
0 0.125260 0.344907 0.017188 0.062037
