1 0.592187 0.337963 0.015625 0.072222
1 0.621354 0.092130 0.014583 0.037963
2 0.753646 0.335185 0.009375 0.014815
0 0.932031 0.254630 0.016146 0.066667
0 0.844271 0.391667 0.022917 0.077778
0 0.767448 0.281944 0.021354 0.065741
0 0.794531 0.137037 0.014063 0.055556
0 0.763281 0.798611 0.027604 0.113889
0 0.508594 0.496759 0.029687 0.086111
0 0.536458 0.399074 0.020833 0.077778
0 0.474740 0.405093 0.024479 0.078704
0 0.321615 0.484722 0.020313 0.091667
0 0.219792 0.728704 0.023958 0.114815
0 0.445833 0.312037 0.014583 0.072222
0 0.488281 0.271296 0.026562 0.059259
0 0.480990 0.241204 0.017188 0.054630
0 0.529427 0.204167 0.021354 0.050926
0 0.526302 0.184722 0.018229 0.052778
0 0.615625 0.220370 0.022917 0.059259
0 0.605729 0.297222 0.016667 0.068519
0 0.663281 0.165278 0.018229 0.049074
0 0.709375 0.275000 0.017708 0.066667
0 0.603906 0.131481 0.016146 0.040741
0 0.172917 0.227778 0.014583 0.061111
