1 0.503385 0.393056 0.018229 0.071296
1 0.500521 0.126389 0.012500 0.036111
2 0.280729 0.269907 0.005208 0.008333
0 0.880990 0.331481 0.013021 0.059259
0 0.833333 0.357407 0.013542 0.066667
0 0.817969 0.432407 0.019271 0.064815
0 0.721615 0.207407 0.011979 0.048148
0 0.618229 0.310185 0.021875 0.062963
0 0.653385 0.748148 0.024479 0.107407
0 0.541927 0.266667 0.018229 0.057407
0 0.518490 0.214815 0.017188 0.051852
0 0.488281 0.306944 0.021354 0.058333
0 0.444271 0.393519 0.019792 0.068519
0 0.426042 0.499537 0.020833 0.080556
0 0.150781 0.636111 0.021354 0.083333
0 0.239844 0.430556 0.019271 0.070370
0 0.349219 0.385648 0.019271 0.063889
0 0.442969 0.180556 0.009896 0.046296
0 0.346875 0.257870 0.020833 0.050926
0 0.311198 0.237963 0.014063 0.048148
0 0.291667 0.243981 0.013542 0.043519
0 0.154167 0.265741 0.022917 0.044444
0 0.286458 0.296759 0.019792 0.047222
0 0.280729 0.307870 0.018750 0.054630
