0 0.907813 0.287963 0.014583 0.061111
0 0.792448 0.309722 0.014063 0.065741
0 0.837760 0.397222 0.020313 0.072222
0 0.767448 0.164352 0.013021 0.049074
0 0.679167 0.289815 0.023958 0.062963
0 0.604427 0.183796 0.014063 0.047222
0 0.589323 0.244444 0.018229 0.055556
0 0.554688 0.296759 0.021875 0.060185
0 0.522396 0.145370 0.015625 0.042593
0 0.714063 0.783333 0.019792 0.105556
0 0.503125 0.388889 0.016667 0.068519
0 0.454948 0.497222 0.020313 0.083333
0 0.416146 0.393056 0.022917 0.069444
0 0.381771 0.310648 0.021875 0.060185
0 0.393490 0.290278 0.019271 0.062037
0 0.420573 0.236111 0.021354 0.051852
0 0.408073 0.215741 0.018229 0.044444
0 0.412500 0.208333 0.015625 0.048148
0 0.284896 0.465278 0.021875 0.087963
0 0.169010 0.699537 0.023438 0.093519
0 0.177344 0.231944 0.014063 0.056481
2 0.436979 0.152315 0.006250 0.012037
1 0.567187 0.100000 0.014583 0.038889
1 0.569271 0.372685 0.018750 0.067593
