0 0.895052 0.401852 0.017188 0.064815
0 0.865104 0.417130 0.017708 0.065741
0 0.802344 0.508796 0.017188 0.073148
0 0.587500 0.713889 0.022917 0.094444
0 0.663281 0.265278 0.015104 0.050926
0 0.549219 0.353241 0.020313 0.060185
0 0.496615 0.313426 0.020313 0.060185
0 0.454167 0.273148 0.012500 0.048148
0 0.401562 0.341667 0.015625 0.059259
0 0.388021 0.416667 0.013542 0.062963
0 0.387240 0.527778 0.023438 0.070370
0 0.379427 0.243056 0.013021 0.049074
0 0.127604 0.585185 0.023958 0.075926
0 0.200521 0.417130 0.021875 0.065741
0 0.279948 0.402778 0.021354 0.062963
0 0.267448 0.307870 0.021354 0.052778
0 0.247917 0.261574 0.014583 0.049074
0 0.206510 0.324074 0.023438 0.048148
0 0.196094 0.312500 0.018229 0.049074
0 0.145573 0.336111 0.028646 0.046296
0 0.129688 0.327315 0.025000 0.050926
2 0.116927 0.349074 0.006771 0.011111
1 0.432292 0.167130 0.009375 0.034259
1 0.425260 0.398148 0.016146 0.061111
