0 0.947656 0.467593 0.019271 0.062963
0 0.844792 0.590278 0.017708 0.078704
0 0.929167 0.481944 0.017708 0.067593
0 0.664844 0.320370 0.016146 0.050000
0 0.572917 0.405093 0.014583 0.063889
0 0.551302 0.715741 0.028646 0.085185
0 0.514583 0.365278 0.020833 0.052778
0 0.482292 0.331019 0.012500 0.052778
0 0.394531 0.307870 0.011979 0.049074
0 0.376563 0.561111 0.021875 0.074074
0 0.369531 0.437500 0.024479 0.058333
0 0.376563 0.384722 0.022917 0.058333
0 0.269010 0.431481 0.021354 0.057407
0 0.298177 0.294907 0.016146 0.043519
0 0.257552 0.343981 0.010937 0.047222
0 0.175781 0.446759 0.027604 0.062037
0 0.174219 0.379630 0.015104 0.050000
0 0.176823 0.347222 0.011979 0.044444
0 0.127865 0.571296 0.018229 0.070370
2 0.126562 0.378241 0.004167 0.008333
0 0.129427 0.389352 0.013021 0.052778
0 0.077344 0.392593 0.025521 0.053704
1 0.393490 0.416667 0.014063 0.055556
1 0.460417 0.208796 0.009375 0.034259
