0 0.882031 0.365278 0.014063 0.063889
0 0.849219 0.384259 0.015104 0.066667
0 0.805990 0.462963 0.017188 0.070370
0 0.691927 0.231944 0.016146 0.052778
0 0.583073 0.327315 0.016146 0.065741
0 0.621094 0.727778 0.024479 0.101852
0 0.516406 0.285185 0.017188 0.055556
0 0.480729 0.239352 0.012500 0.049074
0 0.405729 0.208333 0.009375 0.048148
0 0.446354 0.319444 0.019792 0.059259
0 0.415365 0.400000 0.016146 0.066667
0 0.407552 0.508333 0.019271 0.074074
0 0.312500 0.388889 0.021875 0.066667
0 0.305469 0.280093 0.018229 0.054630
0 0.272396 0.249074 0.011458 0.050000
0 0.244010 0.275000 0.011979 0.046296
0 0.245833 0.306944 0.026042 0.054630
0 0.222656 0.306019 0.023438 0.050926
0 0.215104 0.416204 0.020833 0.067593
0 0.135417 0.604167 0.022917 0.078704
0 0.154948 0.287037 0.018229 0.044444
2 0.203125 0.296759 0.007292 0.013889
1 0.464844 0.143056 0.009896 0.039815
1 0.463021 0.395370 0.016667 0.062963
