0 0.933333 0.516667 0.017708 0.066667
0 0.980469 0.506944 0.016146 0.063889
0 0.914323 0.636574 0.025521 0.076852
0 0.658333 0.368056 0.018750 0.047222
0 0.569792 0.371296 0.014583 0.042593
0 0.569010 0.427778 0.014063 0.070370
0 0.507292 0.381019 0.012500 0.050926
0 0.483333 0.728241 0.030208 0.082407
0 0.314583 0.663889 0.021875 0.077778
0 0.298958 0.518981 0.028125 0.063889
0 0.215104 0.527315 0.022917 0.062037
0 0.085938 0.502778 0.018750 0.051852
0 0.263542 0.438889 0.014583 0.053704
0 0.285417 0.413889 0.019792 0.053704
0 0.355469 0.322222 0.011979 0.040741
0 0.438281 0.343981 0.013021 0.045370
0 0.239583 0.352315 0.010417 0.041667
0 0.238281 0.360185 0.009896 0.046296
0 0.203646 0.413426 0.015625 0.052778
0 0.177083 0.402315 0.011458 0.052778
2 0.204948 0.409259 0.005729 0.011111
1 0.354167 0.431481 0.010417 0.059259
1 0.475260 0.235648 0.008854 0.030556
