0 0.872135 0.609722 0.024479 0.076852
0 0.954167 0.501389 0.021875 0.063889
0 0.968490 0.486111 0.021354 0.059259
0 0.639844 0.337963 0.015104 0.048148
0 0.558333 0.414352 0.013542 0.065741
0 0.500521 0.372685 0.011458 0.054630
0 0.504167 0.349074 0.017708 0.048148
0 0.396094 0.326389 0.017188 0.050926
0 0.330990 0.293981 0.010937 0.039815
0 0.305990 0.389815 0.015104 0.048148
0 0.242188 0.343981 0.016667 0.050926
0 0.288802 0.448148 0.019271 0.046296
0 0.242188 0.411111 0.012500 0.051852
0 0.313542 0.572222 0.017708 0.061111
0 0.455729 0.696296 0.022917 0.075926
0 0.147917 0.386111 0.018750 0.064815
0 0.168229 0.386111 0.012500 0.057407
0 0.195052 0.349537 0.009896 0.045370
0 0.110156 0.450000 0.013021 0.066667
0 0.135937 0.536111 0.018750 0.061111
2 0.151302 0.382870 0.005729 0.010185
1 0.350260 0.413889 0.014063 0.055556
1 0.475521 0.210185 0.013542 0.033333
