0 0.885938 0.516667 0.020833 0.070370
0 0.899740 0.385185 0.015104 0.059259
0 0.821615 0.376852 0.011979 0.059259
0 0.571354 0.682407 0.035417 0.087037
0 0.677344 0.282407 0.017188 0.048148
0 0.596875 0.281944 0.012500 0.049074
0 0.517708 0.331019 0.020833 0.058333
0 0.518750 0.264815 0.014583 0.046296
0 0.386979 0.682407 0.027083 0.083333
0 0.377344 0.474074 0.022396 0.068519
0 0.428385 0.243981 0.017188 0.045370
0 0.332292 0.249074 0.010417 0.040741
0 0.279167 0.318981 0.015625 0.052778
0 0.276302 0.375926 0.018229 0.055556
0 0.216146 0.444444 0.014583 0.061111
0 0.211719 0.315741 0.016146 0.055556
0 0.233333 0.248148 0.010417 0.042593
0 0.179948 0.271759 0.010937 0.049074
0 0.067448 0.488889 0.020313 0.072222
0 0.110937 0.323148 0.013542 0.053704
1 0.371094 0.337963 0.020313 0.053704
1 0.397396 0.146296 0.007292 0.031481
2 0.211719 0.309722 0.004687 0.008333
