0 0.675781 0.794444 0.030729 0.088889
0 0.832292 0.673611 0.020833 0.087963
0 0.909635 0.443981 0.014063 0.067593
0 0.911979 0.329630 0.013542 0.059259
0 0.792969 0.330556 0.013021 0.061111
0 0.819010 0.248611 0.010937 0.049074
0 0.750000 0.233796 0.013542 0.047222
0 0.616927 0.191204 0.009896 0.043519
0 0.569792 0.310185 0.022917 0.059259
0 0.521875 0.208796 0.010417 0.043519
0 0.411458 0.232870 0.013542 0.045370
0 0.322917 0.181944 0.008333 0.043519
0 0.348438 0.278704 0.012500 0.057407
0 0.380469 0.365741 0.016146 0.057407
0 0.503125 0.551389 0.020833 0.078704
0 0.273958 0.463889 0.016667 0.070370
0 0.164323 0.608796 0.022396 0.087963
0 0.082812 0.326852 0.014583 0.059259
0 0.104427 0.325926 0.020313 0.061111
0 0.169271 0.273611 0.014583 0.054630
0 0.196354 0.226389 0.011458 0.049074
2 0.168490 0.268981 0.004687 0.008333
1 0.537240 0.290278 0.013021 0.054630
1 0.369792 0.117130 0.009375 0.034259
