0 0.792708 0.768981 0.029167 0.113889
0 0.885417 0.705556 0.032292 0.092593
0 0.868229 0.444907 0.015625 0.071296
0 0.824479 0.315278 0.014583 0.056481
0 0.789844 0.238889 0.010937 0.051852
0 0.753385 0.221759 0.010937 0.049074
0 0.733594 0.301852 0.011979 0.057407
0 0.611198 0.221759 0.009896 0.047222
0 0.547135 0.345833 0.014063 0.067593
0 0.510677 0.221296 0.015104 0.046296
0 0.374740 0.456481 0.018229 0.068519
0 0.331771 0.262500 0.012500 0.049074
0 0.307812 0.190741 0.013542 0.040741
0 0.317969 0.316667 0.019271 0.053704
0 0.272396 0.524074 0.015625 0.075926
0 0.536458 0.671296 0.023958 0.092593
0 0.168750 0.786574 0.041667 0.108333
0 0.169010 0.258796 0.016146 0.050926
0 0.083333 0.349074 0.014583 0.061111
0 0.027865 0.393056 0.018229 0.062037
0 0.007031 0.303704 0.013021 0.059259
2 0.007812 0.284259 0.005208 0.009259
1 0.270833 0.137037 0.009375 0.037037
1 0.540625 0.295833 0.010417 0.058333
