0 0.926042 0.698611 0.029167 0.086111
0 0.852344 0.737037 0.030729 0.087037
0 0.872917 0.464352 0.012500 0.071296
0 0.819531 0.356481 0.014063 0.057407
0 0.761719 0.281481 0.010937 0.048148
0 0.711458 0.275926 0.008333 0.044444
0 0.709635 0.337963 0.014063 0.051852
0 0.655729 0.392593 0.016667 0.064815
0 0.602344 0.316204 0.009896 0.050926
0 0.578385 0.553704 0.024479 0.075926
0 0.512240 0.268519 0.014063 0.046296
0 0.604948 0.683796 0.016146 0.087963
0 0.382552 0.719907 0.027604 0.091667
0 0.403385 0.595370 0.024479 0.077778
0 0.415885 0.387500 0.018229 0.063889
0 0.406771 0.322222 0.017708 0.048148
0 0.336719 0.268056 0.011979 0.047222
0 0.285677 0.316667 0.015104 0.053704
0 0.143229 0.452778 0.018750 0.066667
0 0.055208 0.393981 0.013542 0.062037
1 0.556771 0.330093 0.015625 0.052778
1 0.348698 0.180093 0.008854 0.037963
