0 0.922917 0.380556 0.015625 0.075926
0 0.854948 0.268519 0.015104 0.064815
0 0.810937 0.612500 0.016667 0.086111
0 0.478385 0.868519 0.023438 0.122222
0 0.426563 0.600000 0.015625 0.085185
0 0.510417 0.453704 0.015625 0.075926
0 0.457813 0.443981 0.017708 0.084259
0 0.512240 0.293519 0.010937 0.066667
0 0.575000 0.256019 0.011458 0.060185
0 0.456771 0.322222 0.014583 0.066667
0 0.445312 0.266204 0.014583 0.062037
0 0.476823 0.197222 0.011979 0.053704
0 0.661458 0.154167 0.009375 0.050926
0 0.326823 0.418981 0.017188 0.073148
0 0.096875 0.539352 0.018750 0.080556
0 0.131771 0.394444 0.016667 0.075926
0 0.177865 0.284259 0.019271 0.064815
0 0.215104 0.290741 0.025000 0.066667
0 0.238021 0.310185 0.018750 0.064815
0 0.681250 0.348148 0.012500 0.068519
2 0.471094 0.352315 0.006771 0.012037
1 0.345833 0.530093 0.018750 0.086111
1 0.236979 0.106481 0.012500 0.044444
