1 0.373177 0.483333 0.018229 0.087037
1 0.266146 0.058796 0.013542 0.047222
2 0.498698 0.306944 0.005729 0.010185
0 0.072656 0.496296 0.021354 0.079630
0 0.113802 0.324537 0.017188 0.073148
0 0.174479 0.242130 0.012500 0.071296
0 0.200521 0.211111 0.013542 0.061111
0 0.312500 0.262963 0.013542 0.064815
0 0.497656 0.139815 0.009896 0.051852
0 0.427083 0.200463 0.012500 0.056481
0 0.493490 0.214815 0.014063 0.061111
0 0.484896 0.278241 0.011458 0.067593
0 0.596354 0.210185 0.013542 0.059259
0 0.334115 0.341204 0.013021 0.073148
0 0.490365 0.396296 0.018229 0.081481
0 0.539844 0.409259 0.018229 0.077778
0 0.450521 0.559722 0.016667 0.086111
0 0.726042 0.307870 0.012500 0.067593
0 0.495573 0.907407 0.021354 0.118519
0 0.865885 0.556019 0.022396 0.086111
0 0.931771 0.353241 0.018750 0.075000
0 0.860677 0.211574 0.011979 0.062037
0 0.721094 0.102778 0.008854 0.048148
