0 0.918490 0.550000 0.022396 0.085185
0 0.944531 0.342130 0.016146 0.073148
0 0.762500 0.292130 0.020833 0.067593
0 0.877604 0.183333 0.013542 0.061111
0 0.756510 0.090278 0.011979 0.050926
0 0.582812 0.192593 0.014583 0.055556
0 0.579948 0.205093 0.018229 0.058333
0 0.575260 0.337037 0.024479 0.074074
0 0.498437 0.392593 0.015625 0.081481
0 0.482292 0.116204 0.015625 0.049074
0 0.455729 0.168981 0.015625 0.049074
0 0.446615 0.259259 0.023438 0.059259
0 0.517448 0.544444 0.032813 0.075926
0 0.467969 0.944907 0.026562 0.110185
0 0.389062 0.318519 0.018750 0.062963
0 0.354427 0.237037 0.019271 0.064815
0 0.244531 0.162037 0.015104 0.059259
0 0.191146 0.218981 0.012500 0.065741
0 0.137240 0.307407 0.015104 0.070370
0 0.075781 0.482407 0.018229 0.079630
1 0.377083 0.427315 0.014583 0.091667
1 0.266667 0.035648 0.012500 0.047222
