1 0.331771 0.298611 0.017708 0.075000
1 0.193750 0.056944 0.013542 0.045370
2 0.699740 0.132407 0.004687 0.009259
0 0.907292 0.569907 0.025000 0.087963
0 0.919792 0.331019 0.015625 0.075000
0 0.677083 0.079630 0.016667 0.042593
0 0.717448 0.150463 0.015104 0.050926
0 0.672135 0.153704 0.015104 0.051852
0 0.642708 0.239815 0.013542 0.066667
0 0.610417 0.218519 0.014583 0.059259
0 0.561979 0.118519 0.015625 0.046296
0 0.490365 0.180556 0.016146 0.051852
0 0.413542 0.177315 0.018750 0.054630
0 0.429427 0.297222 0.016146 0.068519
0 0.538542 0.366204 0.015625 0.071296
0 0.601823 0.478704 0.021354 0.081481
0 0.298958 0.893519 0.023958 0.120370
0 0.067448 0.493519 0.017188 0.083333
0 0.123438 0.286574 0.019792 0.071296
0 0.140625 0.265278 0.015625 0.065741
0 0.130208 0.214815 0.013542 0.062963
0 0.247396 0.119907 0.013542 0.049074
0 0.276823 0.105093 0.013021 0.043519
