0 0.834375 0.586574 0.022917 0.076852
0 0.813542 0.339815 0.022917 0.064815
0 0.735938 0.203241 0.014583 0.049074
0 0.698958 0.209259 0.014583 0.048148
0 0.642969 0.146296 0.010937 0.038889
0 0.611198 0.145370 0.014063 0.035185
0 0.610156 0.242130 0.015104 0.049074
0 0.626563 0.249537 0.017708 0.054630
0 0.567448 0.339352 0.021354 0.056481
0 0.521875 0.202778 0.016667 0.042593
0 0.473177 0.208796 0.018229 0.050926
0 0.574219 0.511111 0.017188 0.074074
0 0.386719 0.304167 0.013021 0.058333
0 0.259635 0.166667 0.008854 0.037037
0 0.226562 0.164815 0.008333 0.042593
0 0.215885 0.220370 0.021354 0.048148
0 0.225781 0.228241 0.018229 0.047222
0 0.099219 0.290278 0.018229 0.056481
0 0.104688 0.406481 0.021875 0.062963
0 0.260937 0.815741 0.022917 0.105556
1 0.348438 0.295833 0.013542 0.060185
1 0.173177 0.140741 0.011979 0.044444
2 0.339062 0.200926 0.005208 0.009259
