0 0.757031 0.705556 0.013021 0.079630
0 0.656250 0.675463 0.019792 0.078704
0 0.838021 0.484722 0.016667 0.063889
0 0.798698 0.359259 0.014063 0.053704
0 0.772396 0.346296 0.012500 0.051852
0 0.724479 0.402315 0.018750 0.060185
0 0.675000 0.399074 0.012500 0.053704
0 0.695312 0.291667 0.012500 0.044444
0 0.706250 0.305093 0.011458 0.047222
0 0.471875 0.443056 0.018750 0.054630
0 0.524740 0.347222 0.010937 0.048148
0 0.507031 0.333796 0.013021 0.050926
0 0.465885 0.315741 0.010937 0.042593
0 0.396354 0.321296 0.015625 0.048148
0 0.428646 0.405556 0.017708 0.053704
0 0.322396 0.299537 0.009375 0.041667
0 0.312240 0.311574 0.009896 0.049074
0 0.168490 0.380556 0.015104 0.051852
0 0.174219 0.503241 0.011979 0.060185
0 0.301563 0.662963 0.016667 0.081481
2 0.216927 0.400926 0.003646 0.007407
1 0.439844 0.412500 0.013021 0.054630
1 0.282552 0.260648 0.010937 0.036111
