0 0.822656 0.648611 0.022396 0.075000
0 0.629427 0.724537 0.020313 0.086111
0 0.896615 0.431481 0.023438 0.064815
0 0.883854 0.328704 0.018750 0.051852
0 0.837240 0.274537 0.014063 0.043519
0 0.817448 0.245370 0.008854 0.037037
0 0.753646 0.292593 0.014583 0.048148
0 0.764583 0.395833 0.017708 0.058333
0 0.656510 0.380093 0.018229 0.052778
0 0.548698 0.328241 0.018229 0.049074
0 0.504687 0.281019 0.017708 0.049074
0 0.410938 0.409722 0.019792 0.058333
0 0.343490 0.281944 0.013021 0.045370
0 0.285677 0.296759 0.011979 0.049074
0 0.309115 0.354630 0.014063 0.055556
0 0.220573 0.341204 0.014063 0.054630
0 0.202083 0.396296 0.021875 0.055556
0 0.075521 0.408796 0.015625 0.062037
0 0.303125 0.561111 0.010417 0.075926
0 0.377344 0.537500 0.018229 0.071296
2 0.855208 0.168519 0.005208 0.009259
1 0.570833 0.376852 0.016667 0.057407
1 0.251302 0.233333 0.014063 0.042593
