2 0.584115 0.156944 0.005729 0.010185
0 0.882812 0.437963 0.021875 0.068519
0 0.868229 0.326852 0.015625 0.053704
0 0.801042 0.268519 0.016667 0.044444
0 0.775781 0.232407 0.018229 0.035185
0 0.775781 0.280093 0.013021 0.050926
0 0.735938 0.384259 0.018750 0.061111
0 0.622656 0.379167 0.019271 0.050926
0 0.738281 0.659259 0.028646 0.072222
0 0.580729 0.724074 0.017708 0.092593
0 0.335938 0.540278 0.015625 0.073148
0 0.368229 0.527315 0.020833 0.069444
0 0.440625 0.387500 0.019792 0.060185
0 0.544531 0.325000 0.018229 0.051852
0 0.512760 0.270833 0.017188 0.047222
0 0.370312 0.267593 0.012500 0.046296
0 0.352083 0.324537 0.011458 0.054630
0 0.314583 0.279630 0.011458 0.050000
0 0.246354 0.311111 0.014583 0.053704
0 0.202865 0.378241 0.018229 0.052778
0 0.133854 0.375000 0.023958 0.061111
1 0.532552 0.380556 0.017188 0.057407
1 0.277865 0.212500 0.008854 0.039815
