0 0.891146 0.665741 0.025000 0.066667
0 0.925781 0.462500 0.017188 0.060185
0 0.879167 0.372222 0.013542 0.051852
0 0.876563 0.309722 0.010417 0.037963
0 0.841927 0.299537 0.010937 0.037963
0 0.822917 0.436574 0.017708 0.058333
0 0.730990 0.352778 0.015104 0.053704
0 0.683333 0.414815 0.013542 0.053704
0 0.578385 0.368981 0.014063 0.045370
0 0.514323 0.338426 0.014063 0.043519
0 0.384375 0.471759 0.016667 0.058333
0 0.331250 0.577315 0.012500 0.067593
0 0.283594 0.628241 0.019271 0.075000
0 0.247135 0.464815 0.014063 0.055556
0 0.279167 0.420833 0.014583 0.052778
0 0.310677 0.337963 0.010937 0.042593
0 0.272656 0.352315 0.015104 0.047222
0 0.225521 0.407870 0.018750 0.058333
0 0.026302 0.487963 0.015104 0.062963
0 0.671354 0.704630 0.020833 0.075926
1 0.623437 0.411574 0.020833 0.052778
1 0.240625 0.302315 0.010417 0.041667
2 0.973177 0.309259 0.004687 0.007407
