0 0.844010 0.687500 0.022396 0.071296
0 0.907031 0.381019 0.009896 0.047222
0 0.758854 0.444907 0.011458 0.052778
0 0.714063 0.425926 0.015625 0.051852
0 0.605990 0.353704 0.011979 0.042593
0 0.587760 0.319444 0.006771 0.035185
0 0.591927 0.297685 0.007812 0.032407
0 0.570833 0.358796 0.009375 0.039815
0 0.543490 0.387963 0.011979 0.042593
0 0.587760 0.637963 0.013021 0.064815
0 0.447396 0.369907 0.010417 0.041667
0 0.452083 0.381944 0.013542 0.041667
0 0.373177 0.454167 0.015104 0.049074
0 0.175260 0.349537 0.008854 0.037963
0 0.221875 0.386574 0.009375 0.043519
0 0.144271 0.415278 0.012500 0.049074
0 0.159375 0.444907 0.011458 0.049074
0 0.192708 0.493519 0.015625 0.051852
0 0.189323 0.575463 0.013021 0.060185
0 0.183854 0.659722 0.013542 0.067593
1 0.146354 0.326852 0.009375 0.033333
1 0.465104 0.425463 0.011458 0.049074
2 0.764844 0.284722 0.003646 0.006481
