2 0.704688 0.270833 0.004167 0.008333
0 0.864583 0.357870 0.009375 0.039815
2 0.861719 0.352315 0.003646 0.006481
0 0.813021 0.685648 0.015625 0.065741
0 0.640104 0.636574 0.012500 0.067593
0 0.672396 0.453704 0.011458 0.050000
0 0.638542 0.431019 0.010417 0.052778
0 0.526563 0.353241 0.009375 0.039815
0 0.519531 0.323611 0.006771 0.034259
0 0.514062 0.299537 0.007292 0.032407
0 0.498437 0.358796 0.011458 0.037963
0 0.478646 0.393056 0.009375 0.039815
0 0.440365 0.389815 0.008854 0.042593
0 0.426042 0.377778 0.010417 0.042593
0 0.432292 0.434722 0.010417 0.047222
0 0.280208 0.394907 0.011458 0.045370
0 0.226823 0.505093 0.016146 0.052778
0 0.164583 0.339815 0.009375 0.037037
0 0.148438 0.382870 0.009375 0.045370
0 0.126042 0.456019 0.011458 0.050926
0 0.185938 0.604167 0.014583 0.063889
0 0.216146 0.690278 0.014583 0.069444
0 0.045312 0.518056 0.019792 0.054630
1 0.414583 0.436574 0.011458 0.049074
1 0.144271 0.312963 0.010417 0.037037
