2 0.855990 0.184259 0.003646 0.007407
0 0.830208 0.672685 0.015625 0.075000
0 0.679688 0.637963 0.013542 0.074074
0 0.707552 0.406481 0.014063 0.064815
0 0.744792 0.431481 0.016667 0.061111
0 0.582812 0.297222 0.012500 0.050000
0 0.585677 0.230556 0.010937 0.042593
0 0.547396 0.262037 0.013542 0.044444
0 0.540365 0.300463 0.011979 0.049074
0 0.490625 0.343981 0.011458 0.050926
0 0.505208 0.366204 0.013542 0.054630
0 0.468229 0.411574 0.015625 0.054630
0 0.436719 0.345833 0.013021 0.054630
0 0.312760 0.340278 0.014063 0.054630
0 0.211719 0.257407 0.009896 0.040741
0 0.179427 0.306944 0.014063 0.050926
0 0.321615 0.479630 0.014063 0.064815
0 0.128646 0.412500 0.011458 0.060185
0 0.112240 0.491667 0.027604 0.068519
0 0.230469 0.624537 0.018229 0.080556
0 0.291406 0.756019 0.021354 0.093519
1 0.173177 0.214352 0.008854 0.041667
1 0.444792 0.392130 0.013542 0.058333
