1 0.475000 0.379167 0.010417 0.065741
1 0.231510 0.162963 0.009896 0.044444
0 0.278125 0.228241 0.017708 0.047222
0 0.202083 0.320833 0.013542 0.067593
0 0.319792 0.332870 0.011458 0.063889
0 0.168490 0.425000 0.018229 0.072222
0 0.145573 0.511111 0.018229 0.079630
0 0.255990 0.680093 0.021354 0.086111
0 0.337500 0.807407 0.025000 0.101852
0 0.641406 0.687037 0.022396 0.088889
0 0.414062 0.518519 0.015625 0.074074
0 0.437500 0.470833 0.015625 0.069444
0 0.430729 0.388426 0.016667 0.065741
0 0.513281 0.410648 0.013021 0.060185
0 0.525521 0.348611 0.018750 0.060185
0 0.548177 0.268519 0.013021 0.048148
0 0.592187 0.293519 0.013542 0.053704
0 0.652083 0.294907 0.014583 0.058333
0 0.659635 0.215278 0.010937 0.049074
0 0.761198 0.423611 0.014063 0.071296
0 0.811198 0.472685 0.019271 0.073148
0 0.824219 0.728704 0.021354 0.092593
