0 0.798958 0.768056 0.015625 0.095370
0 0.814844 0.513889 0.015104 0.081481
0 0.765104 0.469444 0.017708 0.081481
0 0.692448 0.320833 0.017188 0.065741
0 0.691927 0.221296 0.015104 0.051852
0 0.570052 0.327315 0.014063 0.062037
0 0.499479 0.299074 0.016667 0.059259
0 0.540885 0.374074 0.013021 0.064815
0 0.488281 0.456944 0.017188 0.069444
0 0.419531 0.561111 0.018229 0.079630
0 0.403385 0.508333 0.017188 0.074074
0 0.401562 0.421759 0.017708 0.075000
0 0.316927 0.222222 0.020313 0.051852
0 0.294531 0.341667 0.014063 0.068519
0 0.206510 0.359722 0.017188 0.073148
0 0.175521 0.455556 0.017708 0.077778
0 0.174740 0.512037 0.019271 0.077778
0 0.225781 0.683796 0.026562 0.087963
0 0.263542 0.810648 0.026042 0.104630
0 0.543229 0.728704 0.026042 0.094444
1 0.515885 0.382407 0.015104 0.072222
1 0.273438 0.135185 0.012500 0.044444
