1 0.544531 0.372685 0.016146 0.069444
1 0.348438 0.093519 0.010417 0.044444
0 0.717448 0.217130 0.014063 0.056481
0 0.727083 0.331481 0.016667 0.070370
0 0.732552 0.463889 0.022396 0.079630
0 0.803906 0.512500 0.019271 0.086111
0 0.802344 0.808333 0.020313 0.103704
0 0.470313 0.730556 0.021875 0.096296
0 0.219010 0.802315 0.024479 0.108333
0 0.199740 0.657870 0.018229 0.089815
0 0.210417 0.484722 0.013542 0.078704
0 0.194792 0.463889 0.019792 0.077778
0 0.243229 0.366204 0.018750 0.076852
0 0.285156 0.327315 0.020313 0.071296
0 0.384375 0.417593 0.019792 0.077778
0 0.395833 0.495370 0.021875 0.079630
0 0.454948 0.540741 0.024479 0.094444
0 0.486198 0.456019 0.016146 0.076852
0 0.501042 0.290278 0.012500 0.060185
0 0.346615 0.203241 0.010937 0.049074
0 0.536979 0.345370 0.013542 0.064815
0 0.553906 0.381481 0.015104 0.068519
