0 0.825521 0.554630 0.016667 0.090741
0 0.797135 0.819907 0.026562 0.102778
0 0.738802 0.471296 0.013021 0.083333
0 0.777083 0.372222 0.016667 0.075926
0 0.753385 0.238889 0.013021 0.061111
0 0.517969 0.307870 0.015104 0.065741
0 0.550781 0.412500 0.021354 0.076852
0 0.528906 0.377315 0.016146 0.069444
0 0.499219 0.455556 0.019271 0.075926
0 0.476042 0.575000 0.021875 0.088889
0 0.430208 0.711111 0.021875 0.094444
0 0.196354 0.779167 0.020833 0.102778
0 0.217188 0.644444 0.025000 0.090741
0 0.228646 0.494444 0.018750 0.083333
0 0.247656 0.463889 0.018229 0.081481
0 0.392188 0.480556 0.018750 0.081481
0 0.289323 0.360648 0.018229 0.078704
0 0.402604 0.379167 0.016667 0.078704
0 0.323437 0.293056 0.014583 0.067593
0 0.368229 0.211111 0.012500 0.053704
1 0.540885 0.375000 0.013021 0.074074
1 0.408854 0.076389 0.009375 0.039815
