2 0.875000 0.039815 0.008333 0.014815
1 0.555469 0.334259 0.016146 0.074074
1 0.454688 0.052315 0.012500 0.045370
0 0.854688 0.557870 0.028125 0.086111
0 0.804948 0.480093 0.015104 0.089815
0 0.823177 0.393519 0.021354 0.075926
0 0.792969 0.260185 0.015104 0.064815
0 0.764323 0.795370 0.027604 0.100000
0 0.540104 0.596759 0.013542 0.093519
0 0.507031 0.466667 0.027604 0.070370
0 0.591927 0.397685 0.023438 0.075000
0 0.602865 0.400000 0.023438 0.075926
0 0.519531 0.309722 0.018229 0.067593
0 0.419010 0.368056 0.019271 0.071296
0 0.431510 0.452315 0.027604 0.060185
0 0.400521 0.480556 0.037500 0.074074
0 0.305469 0.338426 0.018229 0.076852
0 0.348177 0.257870 0.018229 0.069444
0 0.396354 0.211574 0.015625 0.056481
0 0.250260 0.438889 0.013021 0.081481
0 0.375000 0.643519 0.022917 0.090741
0 0.246875 0.709722 0.022917 0.106481
0 0.176563 0.610648 0.016667 0.091667
