0 0.898438 0.543981 0.020833 0.093519
0 0.840104 0.494907 0.026042 0.080556
0 0.863021 0.406019 0.021875 0.078704
0 0.804948 0.281944 0.016146 0.067593
0 0.636719 0.412500 0.024479 0.073148
0 0.622656 0.414815 0.030729 0.064815
0 0.529427 0.315741 0.015104 0.068519
0 0.532292 0.457870 0.025000 0.067593
0 0.529948 0.483333 0.020313 0.068519
0 0.561979 0.595833 0.019792 0.095370
0 0.788802 0.779630 0.026562 0.100000
0 0.378385 0.645833 0.019271 0.093519
0 0.255729 0.657407 0.017708 0.096296
0 0.169010 0.600926 0.016146 0.094444
0 0.252083 0.448148 0.015625 0.075926
0 0.292187 0.343056 0.018750 0.076852
0 0.406250 0.391667 0.015625 0.072222
0 0.440104 0.481944 0.016667 0.080556
0 0.340625 0.260648 0.019792 0.067593
0 0.395833 0.218056 0.011458 0.056481
1 0.566927 0.337963 0.016146 0.070370
1 0.453385 0.057407 0.011979 0.044444
2 0.569792 0.373148 0.007292 0.012963
