0 0.725000 0.505556 0.019792 0.068519
0 0.735417 0.516667 0.021875 0.079630
2 0.723177 0.465741 0.006771 0.014815
0 0.808073 0.736574 0.026562 0.095370
0 0.789062 0.477778 0.027083 0.068519
0 0.775521 0.346296 0.023958 0.061111
0 0.654167 0.492593 0.015625 0.083333
0 0.575000 0.367130 0.015625 0.069444
0 0.569010 0.506481 0.016146 0.074074
0 0.567448 0.519907 0.023438 0.073148
0 0.576302 0.593981 0.020313 0.082407
0 0.479948 0.509259 0.019271 0.079630
0 0.462760 0.464815 0.022396 0.079630
0 0.435417 0.495833 0.011458 0.080556
0 0.397656 0.251389 0.017188 0.054630
0 0.327083 0.285648 0.015625 0.065741
0 0.258854 0.374074 0.019792 0.075926
0 0.227865 0.498611 0.016146 0.084259
0 0.335938 0.609259 0.030208 0.083333
0 0.383854 0.677778 0.020833 0.075926
0 0.216667 0.596296 0.023958 0.083333
1 0.536198 0.367130 0.016146 0.069444
1 0.417708 0.099537 0.010417 0.045370
