2 0.601823 0.386574 0.007812 0.013889
1 0.531250 0.362963 0.015625 0.074074
1 0.411979 0.090741 0.011458 0.048148
0 0.385677 0.242130 0.011979 0.058333
0 0.313542 0.279630 0.015625 0.066667
0 0.254427 0.368519 0.019271 0.074074
0 0.227344 0.488426 0.017188 0.084259
0 0.195312 0.585185 0.022917 0.081481
0 0.301563 0.614815 0.019792 0.087037
0 0.366927 0.664352 0.019271 0.091667
0 0.412500 0.489352 0.025000 0.076852
0 0.429948 0.464352 0.013021 0.080556
0 0.554167 0.587037 0.020833 0.087037
0 0.618229 0.468519 0.022917 0.079630
0 0.528646 0.492593 0.022917 0.077778
0 0.551302 0.493519 0.029687 0.070370
0 0.545833 0.508333 0.020833 0.077778
0 0.545573 0.351852 0.017188 0.059259
0 0.808073 0.737963 0.019271 0.098148
0 0.799219 0.543056 0.033854 0.086111
0 0.770833 0.521759 0.019792 0.084259
0 0.798438 0.462500 0.021875 0.069444
0 0.776042 0.328241 0.017708 0.063889
