2 0.497396 0.119444 0.007292 0.012963
0 0.630729 0.339815 0.018750 0.059259
0 0.721094 0.377778 0.013021 0.061111
0 0.727604 0.390741 0.010417 0.066667
0 0.751563 0.348148 0.019792 0.064815
0 0.578906 0.394907 0.017188 0.062037
0 0.636979 0.495370 0.016667 0.087037
0 0.700000 0.514815 0.021875 0.079630
0 0.795312 0.661111 0.030208 0.085185
0 0.553125 0.581019 0.019792 0.086111
0 0.519792 0.754630 0.034375 0.092593
0 0.555208 0.472685 0.016667 0.075000
0 0.456250 0.388889 0.020833 0.070370
0 0.368750 0.487037 0.018750 0.070370
0 0.338021 0.476389 0.021875 0.075000
0 0.352604 0.264352 0.023958 0.043519
0 0.291146 0.285185 0.018750 0.051852
0 0.239323 0.363889 0.020313 0.066667
0 0.143750 0.480556 0.020833 0.079630
0 0.201823 0.627778 0.023438 0.083333
0 0.307812 0.668981 0.017708 0.093519
1 0.495052 0.377315 0.020313 0.063889
1 0.341406 0.136574 0.015104 0.041667
