2 0.119271 0.283796 0.006250 0.012037
1 0.454688 0.304630 0.018750 0.064815
1 0.397656 0.077778 0.015104 0.040741
0 0.734896 0.807407 0.032292 0.107407
0 0.813802 0.643519 0.022396 0.092593
0 0.871094 0.421759 0.019271 0.073148
0 0.839063 0.402315 0.018750 0.082407
0 0.877344 0.307870 0.013021 0.065741
0 0.775521 0.268056 0.021875 0.058333
0 0.776563 0.237037 0.012500 0.059259
0 0.700000 0.228704 0.011458 0.059259
0 0.666146 0.357870 0.018750 0.067593
0 0.560677 0.262037 0.014063 0.059259
0 0.528906 0.412963 0.017188 0.072222
0 0.443750 0.368056 0.019792 0.065741
0 0.336719 0.480556 0.027604 0.075926
0 0.223698 0.493981 0.027604 0.076852
0 0.457813 0.245833 0.011458 0.060185
0 0.449219 0.186574 0.016146 0.052778
0 0.389583 0.208796 0.013542 0.058333
0 0.190885 0.301389 0.019271 0.060185
0 0.234115 0.241667 0.017188 0.057407
0 0.143490 0.311574 0.028646 0.062037
